1 0 3765
2 3765 1660
3 5425 2710
4 8135 2691
5 10826 523
6 11349 4159
7 15508 6081
8 21589 1747
9 23336 3602
10 26938 2465
11 29403 6033
12 35436 5790
13 41226 7776
14 49002 4949
15 53951 917
16 54868 1283
17 56151 2043
18 58194 4075
19 62269 3504
20 65773 616
21 66389 4069
22 70458 2920
23 73378 2863
24 76241 3515
25 79756 5622
26 85378 4657
27 90035 5104
28 95139 2717
29 97856 9178
30 107034 9416
31 116450 5558
32 122008 2033
33 124041 7365
34 131406 3498
35 134904 2618
36 137522 8376
37 145898 1318
38 147216 1894
39 149110 3098
40 152208 4570
41 156778 2035
42 158813 1211
43 160024 1231
44 161255 5299
45 166554 2793
46 169347 4026
47 173373 1148
48 174521 2034
49 176555 2156
50 178711 1349
51 180060 1596
52 181656 7331
53 188987 5308
54 194295 749
55 195044 873
56 195917 545
57 196462 583
58 197045 1353
59 198398 3536
60 201934 3751
61 205685 524
62 206209 2097
63 208306 1350
64 209656 3408
65 213064 6262
66 219326 3280
67 222606 5336
68 227942 3022
69 230964 3823
70 234787 3051
71 237838 2113
72 239951 1947
73 241898 3210
74 245108 3789
75 248897 223
76 249120 1954
77 251074 2184
78 253258 3821
79 257079 3812
80 260891 11164
81 272055 2063
82 274118 3836
83 277954 4230
84 282184 1529
85 283713 1470
86 285183 2365
87 287548 1962
88 289510 3114
89 292624 1931
90 294555 2400
91 296955 5679
92 302634 2563
93 305197 8593
94 313790 7416
95 321206 2430
96 323636 1474
97 325110 1654
98 326764 2687
99 329451 2595
100 332046 2267
101 334313 3078
102 337391 2084
103 339475 3002
104 342477 6970
105 349447 6376
106 355823 6908
107 362731 6787
108 369518 3959
109 373477 8140
110 381617 7801
111 389418 3131
112 392549 1814
113 394363 2998
114 397361 1630
115 398991 3040
116 402031 3451
117 405482 1875
118 407357 1542
119 408899 4786
120 413685 1759
121 415444 1533
122 416977 2479
123 419456 3630
124 423086 2078
125 425164 1473
126 426637 2826
127 429463 7832
128 437295 3347
129 440642 3640
130 444282 8889
131 453171 3748
132 456919 2839
133 459758 2216
134 461974 3582
135 465556 3509
136 469065 2085
137 471150 1614
138 472764 1808
139 474572 6374
140 480946 3213
141 484159 2249
142 486408 1874
143 488282 3436
144 491718 5518
145 497236 2019
146 499255 4164
147 503419 2728
148 506147 3771
149 509918 1760
150 511678 1551
151 513229 1560
152 514789 1632
153 516421 3662
154 520083 2747
155 522830 3974
156 526804 2393
157 529197 2407
158 531604 2601
159 534205 2384
160 536589 2546
161 539135 23265
162 562400 3226
163 565626 3628
164 569254 6330
165 575584 3099
166 578683 3307
167 581990 3420
168 585410 5247
169 590657 1622
170 592279 2599
171 594878 3429
172 598307 2460
173 600767 1088
174 601855 2371
175 604226 5091
176 609317 4235
177 613552 3026
178 616578 3785
179 620363 2647
180 623010 5428
181 628438 2535
182 630973 3797
183 634770 1107
184 635877 5322
185 641199 1450
186 642649 1222
187 643871 2052
188 645923 7451
189 653374 3337
190 656711 2545
191 659256 8088
192 667344 11552
193 678896 2050
194 680946 3610
195 684556 5172
196 689728 5337
197 695065 5165
198 700230 6343
199 706573 1036
200 707609 7201
201 714810 2946
202 717756 9538
203 727294 4222
204 731516 6427
205 737943 2888
206 740831 1597
207 742428 2924
208 745352 3404
209 748756 1775
210 750531 5557
211 756088 9075
212 765163 190
213 765353 2296
214 767649 8423
215 776072 6801
216 782873 6463
217 789336 3692
218 793028 3385
219 796413 2891
220 799304 3417
221 802721 473
222 803194 3929
223 807123 3618
224 810741 2913
225 813654 3582
226 817236 2699
227 819935 6564
228 826499 9425
229 835924 8442
230 844366 10529
231 854895 9696
232 864591 10278
233 874869 7960
234 882829 5476
235 888305 6246
236 894551 7495
237 902046 3553
238 905599 3992
239 909591 2373
240 911964 1560
241 913524 1665
242 915189 3154
243 918343 3516
244 921859 7602
245 929461 6344
246 935805 5939
247 941744 3575
248 945319 4596
249 949915 3486
250 953401 11606
251 965007 5154
252 970161 6643
253 976804 4808
254 981612 1073
255 982685 4169
256 986854 3445
257 990299 4907
258 995206 7988
259 1003194 2248
260 1005442 5540
261 1010982 4380
262 1015362 6534
263 1021896 2170
264 1024066 2146
265 1026212 1496
266 1027708 3316
267 1031024 4598
268 1035622 4137
269 1039759 6238
270 1045997 8580
271 1054577 1856
272 1056433 5783
273 1062216 7277
274 1069493 1288
275 1070781 3423
276 1074204 4110
277 1078314 1629
278 1079943 7297
279 1087240 2757
280 1089997 10142
281 1100139 4295
282 1104434 5807
283 1110241 817
284 1111058 3759
285 1114817 1978
286 1116795 798
287 1117593 1112
288 1118705 2955
289 1121660 4427
290 1126087 9695
291 1135782 2207
292 1137989 3182
293 1141171 2117
294 1143288 2298
295 1145586 27059
296 1172645 1911
297 1174556 1791
298 1176347 5391
299 1181738 5481
300 1187219 2518
301 1189737 3429
302 1193166 4793
303 1197959 3744
304 1201703 3397
305 1205100 15505
306 1220605 4161
307 1224766 3614
308 1228380 10174
309 1238554 1699
310 1240253 1520
311 1241773 5885
312 1247658 10977
313 1258635 5271
314 1263906 3873
315 1267779 2216
316 1269995 1327
317 1271322 685
318 1272007 1551
319 1273558 4670
320 1278228 2756
321 1280984 1972
322 1282956 8812
323 1291768 6292
324 1298060 5212
325 1303272 1993
326 1305265 6495
327 1311760 2989
328 1314749 2959
329 1317708 7531
330 1325239 1717
331 1326956 2612
332 1329568 1719
333 1331287 1621
334 1332908 10938
335 1343846 7635
336 1351481 3401
337 1354882 3058
338 1357940 1920
339 1359860 5595
340 1365455 8206
341 1373661 3228
342 1376889 598
343 1377487 3677
344 1381164 5144
345 1386308 6930
346 1393238 942
347 1394180 2384
348 1396564 4389
349 1400953 3573
350 1404526 2926
351 1407452 5647
352 1413099 5109
353 1418208 7375
354 1425583 1145
355 1426728 3960
356 1430688 1368
357 1432056 7368
358 1439424 3314
359 1442738 4403
360 1447141 4897
361 1452038 2366
362 1454404 6100
363 1460504 2300
364 1462804 1729
365 1464533 15333
366 1479866 9318
367 1489184 5414
368 1494598 1392
369 1495990 5717
370 1501707 1414
371 1503121 6585
372 1509706 4654
373 1514360 9789
374 1524149 1752
375 1525901 3498
376 1529399 15727
377 1545126 9618
378 1554744 3930
379 1558674 7917
380 1566591 13800
381 1580391 3818
382 1584209 14112
383 1598321 5420
384 1603741 6371
385 1610112 3599
386 1613711 6876
387 1620587 10198
388 1630785 2194
389 1632979 3691
390 1636670 2352
391 1639022 3724
392 1642746 2963
393 1645709 3790
394 1649499 1638
395 1651137 10155
396 1661292 2160
397 1663452 5003
398 1668455 2436
399 1670891 1530
400 1672421 7974
401 1680395 6811
402 1687206 4469
403 1691675 9634
404 1701309 6429
405 1707738 5754
406 1713492 2894
407 1716386 5699
408 1722085 10467
409 1732552 4332
410 1736884 6182
411 1743066 4656
412 1747722 2293
413 1750015 3448
414 1753463 8923
415 1762386 1824
416 1764210 5759
417 1769969 4066
418 1774035 4071
419 1778106 2629
420 1780735 385
421 1781120 1874
422 1782994 7421
423 1790415 4467
424 1794882 2447
425 1797329 1761
426 1799090 3105
427 1802195 3544
428 1805739 2810
429 1808549 5257
430 1813806 1194
431 1815000 1180
432 1816180 3132
433 1819312 7639
434 1826951 7672
435 1834623 1207
436 1835830 6054
437 1841884 1710
438 1843594 2347
439 1845941 4856
440 1850797 1741
441 1852538 3375
442 1855913 1945
443 1857858 1189
444 1859047 2659
445 1861706 688
446 1862394 2818
447 1865212 5228
448 1870440 204
449 1870644 1674
450 1872318 2852
451 1875170 4180
452 1879350 1269
453 1880619 1129
454 1881748 1636
455 1883384 1200
456 1884584 1680
457 1886264 842
458 1887106 883
459 1887989 3845
460 1891834 848
461 1892682 3132
462 1895814 7863
463 1903677 2565
464 1906242 1524
465 1907766 1176
466 1908942 2717
467 1911659 2369
468 1914028 1364
469 1915392 1047
470 1916439 3690
471 1920129 3090
472 1923219 1482
473 1924701 8371
474 1933072 1481
475 1934553 2074
476 1936627 974
477 1937601 1684
478 1939285 1643
479 1940928 932
480 1941860 2445
481 1944305 9664
482 1953969 3977
483 1957946 1605
484 1959551 3093
485 1962644 1194
486 1963838 599
487 1964437 1585
488 1966022 1656
489 1967678 1582
490 1969260 8836
491 1978096 7799
492 1985895 4451
493 1990346 2942
494 1993288 625
495 1993913 7707
496 2001620 4065
497 2005685 12572
498 2018257 4946
499 2023203 2545
500 2025748 3921
501 2029669 16225
502 2045894 6331
503 2052225 2642
504 2054867 321
505 2055188 2371
506 2057559 3878
507 2061437 2840
508 2064277 13583
509 2077860 7954
510 2085814 1931
511 2087745 2802
512 2090547 1953
513 2092500 1871
514 2094371 3493
515 2097864 2238
516 2100102 3080
517 2103182 2013
518 2105195 1851
519 2107046 2213
520 2109259 2959
521 2112218 2879
522 2115097 1952
523 2117049 2237
524 2119286 2212
525 2121498 1850
526 2123348 2012
527 2125360 2626
528 2127986 3343
529 2131329 2190
530 2133519 1933
531 2135452 1796
532 2137248 2108
533 2139356 4524
534 2143880 3920
535 2147800 3822
536 2151622 3029
537 2154651 2474
538 2157125 2589
539 2159714 2354
540 2162068 2395
541 2164463 336
542 2164799 3920
543 2168719 9976
544 2178695 982
545 2179677 4446
546 2184123 7194
547 2191317 321
548 2191638 3221
549 2194859 2694
550 2197553 2401
551 2199954 2620
552 2202574 3591
553 2206165 4376
554 2210541 2633
555 2213174 5014
556 2218188 2772
557 2220960 8250
558 2229210 2775
559 2231985 2469
560 2234454 1242
561 2235696 17863
562 2253559 2983
563 2256542 5910
564 2262452 3505
565 2265957 1964
566 2267921 3102
567 2271023 4517
568 2275540 4398
569 2279938 3742
570 2283680 3014
571 2286694 24598
572 2311292 11355
573 2322647 16347
574 2338994 30750
575 2369744 3808
576 2373552 3350
577 2376902 3701
578 2380603 6367
579 2386970 1498
580 2388468 2695
581 2391163 2104
582 2393267 3119
583 2396386 1613
584 2397999 8525
585 2406524 3514
586 2410038 3401
587 2413439 1376
588 2414815 7926
589 2422741 8210
590 2430951 8647
591 2439598 5696
592 2445294 7429
593 2452723 7092
594 2459815 5501
595 2465316 1805
596 2467121 6434
597 2473555 9046
598 2482601 3874
599 2486475 4603
600 2491078 2737
601 2493815 2407
602 2496222 3871
603 2500093 4819
604 2504912 4272
605 2509184 3257
606 2512441 7062
607 2519503 8585
608 2528088 8498
609 2536586 2806
610 2539392 655
611 2540047 4199
612 2544246 8346
613 2552592 5417
614 2558009 2422
615 2560431 7607
616 2568038 6651
617 2574689 3471
618 2578160 2908
619 2581068 1068
620 2582136 3062
621 2585198 10609
622 2595807 7572
623 2603379 7625
624 2611004 1049
625 2612053 2977
626 2615030 1802
627 2616832 8036
628 2624868 6950
629 2631818 4070
630 2635888 1040
631 2636928 9588
632 2646516 9639
633 2656155 2714
634 2658869 3802
635 2662671 5699
636 2668370 14791
637 2683161 3053
638 2686214 4464
639 2690678 7900
640 2698578 6507
641 2705085 2515
642 2707600 3874
643 2711474 3809
644 2715283 1867
645 2717150 3394
646 2720544 5086
647 2725630 2248
648 2727878 1114
649 2728992 1371
650 2730363 4003
651 2734366 998
652 2735364 3308
653 2738672 3683
654 2742355 3284
655 2745639 2472
656 2748111 994
657 2749105 1269
658 2750374 8074
659 2758448 7020
660 2765468 4491
661 2769959 7305
662 2777264 1003
663 2778267 3337
664 2781604 9078
665 2790682 2155
666 2792837 6303
667 2799140 6294
668 2805434 1150
669 2806584 838
670 2807422 6808
671 2814230 3589
672 2817819 2688
673 2820507 1031
674 2821538 9669
675 2831207 2036
676 2833243 1870
677 2835113 2662
678 2837775 3204
679 2840979 9555
680 2850534 3479
681 2854013 8395
682 2862408 2154
683 2864562 1743
684 2866305 1082
685 2867387 1495
686 2868882 1072
687 2869954 1385
688 2871339 5377
689 2876716 5009
690 2881725 2168
691 2883893 1755
692 2885648 4033
693 2889681 2336
694 2892017 2273
695 2894290 7687
696 2901977 1332
697 2903309 1491
698 2904800 4296
699 2909096 1280
700 2910376 1248
701 2911624 1425
702 2913049 1702
703 2914751 5200
704 2919951 2539
705 2922490 1389
706 2923879 3198
707 2927077 10947
708 2938024 3845
709 2941869 9592
710 2951461 3801
711 2955262 1582
712 2956844 2129
713 2958973 7048
714 2966021 1880
715 2967901 7378
716 2975279 3402
717 2978681 1935
718 2980616 12903
719 2993519 5267
720 2998786 4692
721 3003478 1391
722 3004869 2336
723 3007205 3621
724 3010826 1395
725 3012221 11060
726 3023281 1184
727 3024465 686
728 3025151 4774
729 3029925 2055
730 3031980 1309
731 3033289 916
732 3034205 7427
733 3041632 1909
734 3043541 2892
735 3046433 985
736 3047418 1335
737 3048753 542
738 3049295 3986
739 3053281 4635
740 3057916 4972
741 3062888 3259
742 3066147 2225
743 3068372 874
744 3069246 800
745 3070046 1259
746 3071305 1605
747 3072910 782
748 3073692 12993
749 3086685 568
750 3087253 1856
751 3089109 2486
752 3091595 2702
753 3094297 1664
754 3095961 2175
755 3098136 2211
756 3100347 2215
757 3102562 2338
758 3104900 2150
759 3107050 496
760 3107546 2443
761 3109989 1248
762 3111237 3116
763 3114353 1574
764 3115927 721
765 3116648 1059
766 3117707 7412
767 3125119 1305
768 3126424 1083
769 3127507 9085
770 3136592 11274
771 3147866 9259
772 3157125 16014
773 3173139 8761
774 3181900 8453
775 3190353 7388
776 3197741 11299
777 3209040 19512
778 3228552 13562
779 3242114 5490
780 3247604 498
781 3248102 838
782 3248940 3202
783 3252142 7348
784 3259490 545
785 3260035 1543
786 3261578 3465
787 3265043 2109
788 3267152 9175
789 3276327 8029
790 3284356 8572
791 3292928 4697
792 3297625 2695
793 3300320 4089
794 3304409 5086
795 3309495 7158
796 3316653 3413
797 3320066 2840
798 3322906 685
799 3323591 1058
800 3324649 1646
801 3326295 6684
802 3332979 1354
803 3334333 11457
804 3345790 6354
805 3352144 4445
806 3356589 25812
807 3382401 3756
808 3386157 5149
809 3391306 8412
810 3399718 9779
811 3409497 4639
812 3414136 6379
813 3420515 9605
814 3430120 12853
815 3442973 4698
816 3447671 10966
817 3458637 6280
818 3464917 5117
819 3470034 1763
820 3471797 3822
821 3475619 4773
822 3480392 3716
823 3484108 10724
824 3494832 9922
825 3504754 6856
826 3511610 6117
827 3517727 6595
828 3524322 5813
829 3530135 3915
830 3534050 3511
831 3537561 3850
832 3541411 3340
833 3544751 12284
834 3557035 12851
835 3569886 4237
836 3574123 2869
837 3576992 5580
838 3582572 15926
839 3598498 4301
840 3602799 725
841 3603524 1210
842 3604734 4418
843 3609152 4392
844 3613544 2097
845 3615641 13046
846 3628687 6715
847 3635402 7755
848 3643157 10706
849 3653863 222
850 3654085 7013
851 3661098 8956
852 3670054 8172
853 3678226 8304
854 3686530 3905
855 3690435 5765
856 3696200 10276
857 3706476 2555
858 3709031 13752
859 3722783 4695
860 3727478 537
861 3728015 1541
862 3729556 3096
863 3732652 1045
864 3733697 1101
865 3734798 6705
866 3741503 2176
867 3743679 1947
868 3745626 6705
869 3752331 6222
870 3758553 3643
871 3762196 646
872 3762842 1852
873 3764694 3096
874 3767790 1273
875 3769063 2316
876 3771379 1128
877 3772507 3495
878 3776002 4127
879 3780129 4343
880 3784472 6303
881 3790775 3770
882 3794545 727
883 3795272 4292
884 3799564 4096
885 3803660 552
886 3804212 1599
887 3805811 3670
888 3809481 3604
889 3813085 4819
890 3817904 2713
891 3820617 2094
892 3822711 3146
893 3825857 817
894 3826674 962
895 3827636 3163
896 3830799 2400
897 3833199 2689
898 3835888 3421
899 3839309 2565
900 3841874 4086
901 3845960 2057
902 3848017 1877
903 3849894 4451
904 3854345 1438
905 3855783 4440
906 3860223 5696
907 3865919 6680
908 3872599 4546
909 3877145 1816
910 3878961 1285
911 3880246 2864
912 3883110 6459
913 3889569 2554
914 3892123 2728
915 3894851 2292
916 3897143 10515
917 3907658 779
918 3908437 9131
919 3917568 6829
920 3924397 2220
921 3926617 2536
922 3929153 2406
923 3931559 2385
924 3933944 1362
925 3935306 1151
926 3936457 2961
927 3939418 10187
928 3949605 1292
929 3950897 3984
930 3954881 1140
931 3956021 472
932 3956493 10811
933 3967304 3379
934 3970683 3358
935 3974041 3598
936 3977639 9708
937 3987347 2200
938 3989547 796
939 3990343 1070
940 3991413 1848
941 3993261 8537
942 4001798 3471
943 4005269 6361
944 4011630 4830
945 4016460 5626
946 4022086 1722
947 4023808 5376
948 4029184 1707
949 4030891 1726
950 4032617 6818
951 4039435 2800
952 4042235 1512
953 4043747 2596
954 4046343 2593
955 4048936 3796
956 4052732 2825
957 4055557 2714
958 4058271 1258
959 4059529 1114
960 4060643 869
961 4061512 989
962 4062501 1004
963 4063505 2368
964 4065873 1752
965 4067625 1161
966 4068786 911
967 4069697 1142
968 4070839 1366
969 4072205 1007
970 4073212 1958
971 4075170 2634
972 4077804 1284
973 4079088 2751
974 4081839 2827
975 4084666 3008
976 4087674 1071
977 4088745 3636
978 4092381 2554
979 4094935 4305
980 4099240 3341
981 4102581 5892
982 4108473 3310
983 4111783 931
984 4112714 2338
985 4115052 4638
986 4119690 2323
987 4122013 805
988 4122818 5816
989 4128634 1245
990 4129879 6026
991 4135905 885
992 4136790 1629
993 4138419 884
994 4139303 3285
995 4142588 6428
996 4149016 837
997 4149853 3431
998 4153284 4048
999 4157332 1258
1000 4158590 1093
1001 4159683 1814
1002 4161497 1547
1003 4163044 2509
1004 4165553 2508
1005 4168061 1760
1006 4169821 1391
1007 4171212 2922
1008 4174134 2449
1009 4176583 1580
1010 4178163 1873
1011 4180036 1093
1012 4181129 963
1013 4182092 3376
1014 4185468 1970
1015 4187438 1941
1016 4189379 2236
1017 4191615 1966
1018 4193581 3136
1019 4196717 1806
1020 4198523 3209
1021 4201732 3813
1022 4205545 1117
1023 4206662 822
1024 4207484 2580
1025 4210064 1069
1026 4211133 2292
1027 4213425 1874
1028 4215299 1436
1029 4216735 736
1030 4217471 1689
1031 4219160 1578
1032 4220738 2298
1033 4223036 2401
1034 4225437 2261
1035 4227698 1079
1036 4228777 2532
1037 4231309 1438
1038 4232747 4198
1039 4236945 2121
1040 4239066 1802
1041 4240868 2261
1042 4243129 4225
1043 4247354 549
1044 4247903 842
1045 4248745 2576
1046 4251321 4251
1047 4255572 3570
1048 4259142 916
1049 4260058 4092
1050 4264150 3526
1051 4267676 1233
1052 4268909 2407
1053 4271316 2666
1054 4273982 2708
1055 4276690 740
1056 4277430 5965
1057 4283395 3341
1058 4286736 8958
1059 4295694 4030
1060 4299724 2056
1061 4301780 3437
1062 4305217 7603
1063 4312820 2647
1064 4315467 2744
1065 4318211 9675
1066 4327886 19352
1067 4347238 3123
1068 4350361 2760
1069 4353121 5383
1070 4358504 2268
1071 4360772 4274
1072 4365046 6603
1073 4371649 977
1074 4372626 4896
1075 4377522 8295
1076 4385817 5362
1077 4391179 6693
1078 4397872 937
1079 4398809 3802
1080 4402611 2966
1081 4405577 3601
1082 4409178 2557
1083 4411735 3717
1084 4415452 4703
1085 4420155 9647
1086 4429802 9654
1087 4439456 11546
1088 4451002 4813
1089 4455815 3035
1090 4458850 1665
1091 4460515 5803
1092 4466318 2048
1093 4468366 1940
1094 4470306 8409
1095 4478715 8812
1096 4487527 4510
1097 4492037 3165
1098 4495202 1961
1099 4497163 10666
1100 4507829 6299
1101 4514128 4900
1102 4519028 5323
1103 4524351 1337
1104 4525688 1873
1105 4527561 3622
1106 4531183 213
1107 4531396 3721
1108 4535117 2550
1109 4537667 7705
1110 4545372 7022
1111 4552394 6505
1112 4558899 8819
1113 4567718 3170
1114 4570888 2830
1115 4573718 1863
1116 4575581 7080
1117 4582661 3431
1118 4586092 2670
1119 4588762 1182
1120 4589944 11656
1121 4601600 10860
1122 4612460 9921
1123 4622381 6956
1124 4629337 8956
1125 4638293 2312
1126 4640605 539
1127 4641144 2794
1128 4643938 642
1129 4644580 6392
1130 4650972 4319
1131 4655291 2341
1132 4657632 9212
1133 4666844 6540
1134 4673384 1581
1135 4674965 7433
1136 4682398 2752
1137 4685150 7703
1138 4692853 4494
1139 4697347 2959
1140 4700306 6329
1141 4706635 9273
1142 4715908 2993
1143 4718901 4405
1144 4723306 3917
1145 4727223 1735
1146 4728958 6537
1147 4735495 5494
1148 4740989 5253
1149 4746242 8049
1150 4754291 1857
1151 4756148 2839
1152 4758987 1984
1153 4760971 3149
1154 4764120 2466
1155 4766586 2679
1156 4769265 2030
1157 4771295 6233
1158 4777528 4261
1159 4781789 4381
1160 4786170 3850
1161 4790020 6903
1162 4796923 3620
1163 4800543 3300
1164 4803843 4640
1165 4808483 5282
1166 4813765 4459
1167 4818224 3435
1168 4821659 4137
1169 4825796 1155
1170 4826951 7963
1171 4834914 4587
1172 4839501 4405
1173 4843906 4390
1174 4848296 4102
1175 4852398 5580
1176 4857978 7814
1177 4865792 2362
1178 4868154 2143
1179 4870297 2966
1180 4873263 2960
1181 4876223 4630
1182 4880853 5445
1183 4886298 3184
1184 4889482 4104
1185 4893586 5476
1186 4899062 4698
1187 4903760 5134
1188 4908894 2506
1189 4911400 2744
1190 4914144 2984
1191 4917128 8278
1192 4925406 1244
1193 4926650 786
1194 4927436 219
1195 4927655 4164
1196 4931819 3360
1197 4935179 1560
1198 4936739 9965
1199 4946704 3084
1200 4949788 8771
1201 4958559 3979
1202 4962538 5261
1203 4967799 4948
1204 4972747 8600
1205 4981347 4813
1206 4986160 3936
1207 4990096 537
1208 4990633 4702
1209 4995335 4410
1210 4999745 3830
1211 5003575 5841
1212 5009416 7233
1213 5016649 6485
1214 5023134 2589
1215 5025723 3376
1216 5029099 983
1217 5030082 22927
1218 5053009 18597
1219 5071606 2599
1220 5074205 8493
1221 5082698 1662
1222 5084360 2410
1223 5086770 7152
1224 5093922 3355
1225 5097277 11030
1226 5108307 2891
1227 5111198 3527
1228 5114725 3238
1229 5117963 4852
1230 5122815 7281
1231 5130096 6919
1232 5137015 6208
1233 5143223 1090
1234 5144313 2801
1235 5147114 3462
1236 5150576 1062
1237 5151638 2453
1238 5154091 1569
1239 5155660 6360
1240 5162020 13641
1241 5175661 2113
1242 5177774 12969
1243 5190743 6486
1244 5197229 2894
1245 5200123 5048
1246 5205171 1979
1247 5207150 9061
1248 5216211 6580
1249 5222791 2496
1250 5225287 6462
1251 5231749 677
1252 5232426 668
1253 5233094 691
1254 5233785 672
1255 5234457 711
1256 5235168 689
1257 5235857 700
1258 5236557 646
1259 5237203 641
1260 5237844 664
1261 5238508 649
1262 5239157 727
1263 5239884 695
1264 5240579 673
1265 5241252 641
1266 5241893 684
1267 5242577 637
1268 5243214 669
1269 5243883 654
1270 5244537 642
1271 5245179 662
1272 5245841 655
1273 5246496 665
1274 5247161 659
1275 5247820 677
1276 5248497 711
1277 5249208 661
1278 5249869 694
1279 5250563 674
1280 5251237 670
1281 5251907 689
1282 5252596 671
1283 5253267 677
1284 5253944 709
1285 5254653 664
1286 5255317 697
1287 5256014 706
1288 5256720 683
1289 5257403 707
1290 5258110 668
1291 5258778 684
1292 5259462 716
1293 5260178 696
1294 5260874 672
1295 5261546 647
1296 5262193 680
1297 5262873 660
1298 5263533 670
1299 5264203 647
1300 5264850 674
1301 5265524 662
1302 5266186 660
1303 5266846 662
1304 5267508 656
1305 5268164 668
1306 5268832 710
1307 5269542 666
1308 5270208 696
1309 5270904 676
1310 5271580 641
1311 5272221 679
1312 5272900 672
1313 5273572 692
1314 5274264 674
1315 5274938 711
1316 5275649 646
1317 5276295 665
1318 5276960 697
1319 5277657 672
1320 5278329 679
1321 5279008 671
1322 5279679 674
1323 5280353 692
1324 5281045 711
1325 5281756 665
1326 5282421 695
1327 5283116 660
1328 5283776 723
1329 5284499 677
1330 5285176 652
1331 5285828 681
1332 5286509 664
1333 5287173 675
1334 5287848 663
1335 5288511 650
1336 5289161 663
1337 5289824 658
1338 5290482 675
1339 5291157 659
1340 5291816 713
1341 5292529 686
1342 5293215 667
1343 5293882 696
1344 5294578 664
1345 5295242 667
1346 5295909 672
1347 5296581 672
1348 5297253 670
1349 5297923 692
1350 5298615 673
1351 5299288 710
1352 5299998 666
1353 5300664 697
1354 5301361 705
1355 5302066 672
1356 5302738 648
1357 5303386 674
1358 5304060 672
1359 5304732 691
1360 5305423 679
1361 5306102 711
1362 5306813 666
1363 5307479 670
1364 5308149 664
1365 5308813 721
1366 5309534 696
1367 5310230 663
1368 5310893 675
1369 5311568 675
1370 5312243 650
1371 5312893 667
1372 5313560 662
1373 5314222 666
1374 5314888 654
1375 5315542 669
1376 5316211 663
1377 5316874 667
1378 5317541 665
1379 5318206 682
1380 5318888 711
1381 5319599 636
1382 5320235 694
1383 5320929 666
1384 5321595 696
1385 5322291 672
1386 5322963 707
1387 5323670 693
1388 5324363 676
1389 5325039 671
1390 5325710 708
1391 5326418 666
1392 5327084 722
1393 5327806 646
1394 5328452 655
1395 5329107 694
1396 5329801 675
1397 5330476 674
1398 5331150 682
1399 5331832 711
1400 5332543 673
1401 5333216 691
1402 5333907 670
1403 5334577 680
1404 5335257 667
1405 5335924 718
1406 5336642 722
1407 5337364 670
1408 5338034 696
1409 5338730 667
1410 5339397 656
1411 5340053 660
1412 5340713 664
1413 5341377 661
1414 5342038 693
1415 5342731 673
1416 5343404 652
1417 5344056 652
1418 5344708 664
1419 5345372 663
1420 5346035 692
1421 5346727 682
1422 5347409 703
1423 5348112 665
1424 5348777 706
1425 5349483 695
1426 5350178 669
1427 5350847 694
1428 5351541 686
1429 5352227 698
1430 5352925 682
1431 5353607 681
1432 5354288 706
1433 5354994 662
1434 5355656 208
1435 5355864 191
1436 5356055 695
1437 5356750 678
1438 5357428 706
1439 5358134 714
1440 5358848 667
1441 5359515 695
1442 5360210 659
1443 5360869 665
1444 5361534 660
1445 5362194 659
1446 5362853 701
1447 5363554 658
1448 5364212 672
1449 5364884 658
1450 5365542 641
1451 5366183 660
1452 5366843 664
1453 5367507 649
1454 5368156 662
1455 5368818 677
1456 5369495 657
1457 5370152 666
1458 5370818 702
1459 5371520 707
1460 5372227 722
1461 5372949 696
1462 5373645 662
1463 5374307 672
1464 5374979 693
1465 5375672 656
1466 5376328 695
1467 5377023 652
1468 5377675 668
1469 5378343 680
1470 5379023 665
1471 5379688 678
1472 5380366 702
1473 5381068 662
1474 5381730 655
1475 5382385 695
1476 5383080 665
1477 5383745 657
1478 5384402 702
1479 5385104 666
1480 5385770 683
1481 5386453 668
1482 5387121 678
1483 5387799 716
1484 5388515 711
1485 5389226 722
1486 5389948 736
1487 5390684 662
1488 5391346 667
1489 5392013 656
1490 5392669 687
1491 5393356 646
1492 5394002 652
1493 5394654 675
1494 5395329 655
1495 5395984 673
1496 5396657 660
1497 5397317 687
1498 5398004 651
1499 5398655 701
1500 5399356 685
1501 5400041 664
1502 5400705 694
1503 5401399 660
1504 5402059 666
1505 5402725 701
1506 5403426 688
1507 5404114 666
1508 5404780 667
1509 5405447 679
1510 5406126 663
1511 5406789 694
1512 5407483 698
1513 5408181 660
1514 5408841 652
1515 5409493 704
1516 5410197 671
1517 5410868 664
1518 5411532 689
1519 5412221 679
1520 5412900 657
1521 5413557 695
1522 5414252 734
1523 5414986 694
1524 5415680 666
1525 5416346 713
1526 5417059 712
1527 5417771 705
1528 5418476 721
1529 5419197 724
1530 5419921 698
1531 5420619 693
1532 5421312 694
1533 5422006 711
1534 5422717 696
1535 5423413 681
1536 5424094 704
1537 5424798 646
1538 5425444 657
1539 5426101 694
1540 5426795 667
1541 5427462 704
1542 5428166 667
1543 5428833 689
1544 5429522 668
1545 5430190 676
1546 5430866 655
1547 5431521 696
1548 5432217 681
1549 5432898 641
1550 5433539 705
1551 5434244 671
1552 5434915 670
1553 5435585 694
1554 5436279 676
1555 5436955 707
1556 5437662 658
1557 5438320 743
1558 5439063 742
1559 5439805 733
1560 5440538 694
1561 5441232 678
1562 5441910 645
1563 5442555 654
1564 5443209 658
1565 5443867 665
1566 5444532 639
1567 5445171 685
1568 5445856 633
1569 5446489 643
1570 5447132 667
1571 5447799 646
1572 5448445 682
1573 5449127 706
1574 5449833 657
1575 5450490 694
1576 5451184 218
1577 5451402 680
1578 5452082 698
1579 5452780 704
1580 5453484 687
1581 5454171 670
1582 5454841 694
1583 5455535 671
1584 5456206 681
1585 5456887 657
1586 5457544 685
1587 5458229 696
1588 5458925 705
1589 5459630 657
1590 5460287 692
1591 5460979 694
1592 5461673 659
1593 5462332 724
1594 5463056 690
1595 5463746 646
1596 5464392 660
1597 5465052 658
1598 5465710 655
1599 5466365 633
1600 5466998 656
1601 5467654 650
1602 5468304 656
1603 5468960 659
1604 5469619 654
1605 5470273 665
1606 5470938 703
1607 5471641 667
1608 5472308 692
1609 5473000 647
1610 5473647 675
1611 5474322 661
1612 5474983 725
1613 5475708 703
1614 5476411 696
1615 5477107 702
1616 5477809 667
1617 5478476 661
1618 5479137 684
1619 5479821 655
1620 5480476 669
1621 5481145 667
1622 5481812 695
1623 5482507 664
1624 5483171 687
1625 5483858 705
1626 5484563 702
1627 5485265 680
1628 5485945 672
1629 5486617 682
1630 5487299 667
1631 5487966 695
1632 5488661 677
1633 5489338 654
1634 5489992 649
1635 5490641 658
1636 5491299 642
1637 5491941 658
1638 5492599 675
1639 5493274 658
1640 5493932 654
1641 5494586 703
1642 5495289 686
1643 5495975 666
1644 5496641 702
1645 5497343 694
1646 5498037 668
1647 5498705 704
1648 5499409 671
1649 5500080 672
1650 5500752 699
1651 5501451 685
1652 5502136 666
1653 5502802 694
1654 5503496 691
1655 5504187 667
1656 5504854 704
1657 5505558 681
1658 5506239 693
1659 5506932 648
1660 5507580 653
1661 5508233 645
1662 5508878 705
1663 5509583 699
1664 5510282 674
1665 5510956 674
1666 5511630 684
1667 5512314 666
1668 5512980 695
1669 5513675 672
1670 5514347 655
1671 5515002 661
1672 5515663 656
1673 5516319 648
1674 5516967 662
1675 5517629 651
1676 5518280 671
1677 5518951 636
1678 5519587 649
1679 5520236 664
1680 5520900 660
1681 5521560 705
1682 5522265 686
1683 5522951 690
1684 5523641 659
1685 5524300 673
1686 5524973 695
1687 5525668 652
1688 5526320 666
1689 5526986 667
1690 5527653 645
1691 5528298 649
1692 5528947 705
1693 5529652 668
1694 5530320 699
1695 5531019 666
1696 5531685 681
1697 5532366 659
1698 5533025 639
1699 5533664 695
1700 5534359 666
1701 5535025 705
1702 5535730 667
1703 5536397 698
1704 5537095 667
1705 5537762 675
1706 5538437 695
1707 5539132 647
1708 5539779 655
1709 5540434 674
1710 5541108 677
1711 5541785 650
1712 5542435 648
1713 5543083 699
1714 5543782 649
1715 5544431 647
1716 5545078 705
1717 5545783 639
1718 5546422 681
1719 5547103 718
1720 5547821 677
1721 5548498 645
1722 5549143 652
1723 5549795 647
1724 5550442 657
1725 5551099 635
1726 5551734 659
1727 5552393 642
1728 5553035 641
1729 5553676 668
1730 5554344 650
1731 5554994 694
1732 5555688 666
1733 5556354 704
1734 5557058 633
1735 5557691 676
1736 5558367 662
1737 5559029 1313
1738 5560342 5535
1739 5565877 1258
1740 5567135 1974
1741 5569109 2682
1742 5571791 2438
1743 5574229 1234
1744 5575463 1157
1745 5576620 6838
1746 5583458 3187
1747 5586645 5262
1748 5591907 1935
1749 5593842 2590
1750 5596432 4795
1751 5601227 4748
1752 5605975 4507
1753 5610482 3108
1754 5613590 7715
1755 5621305 5833
1756 5627138 3549
1757 5630687 3364
1758 5634051 2386
1759 5636437 3515
1760 5639952 2195
1761 5642147 2060
1762 5644207 9209
1763 5653416 5430
1764 5658846 7546
1765 5666392 5462
1766 5671854 4880
1767 5676734 8288
1768 5685022 11973
1769 5696995 1454
1770 5698449 1879
1771 5700328 997
1772 5701325 5321
1773 5706646 2974
1774 5709620 692
1775 5710312 4212
1776 5714524 837
1777 5715361 3170
1778 5718531 755
1779 5719286 942
1780 5720228 3692
1781 5723920 1297
1782 5725217 1829
1783 5727046 1170
1784 5728216 1658
1785 5729874 900
1786 5730774 2520
1787 5733294 4406
1788 5737700 4704
1789 5742404 1132
1790 5743536 2264
1791 5745800 978
1792 5746778 1994
1793 5748772 915
1794 5749687 1215
1795 5750902 576
1796 5751478 3987
1797 5755465 1470
1798 5756935 4833
1799 5761768 2504
1800 5764272 2088
1801 5766360 2510
1802 5768870 2261
1803 5771131 3506
1804 5774637 1694
1805 5776331 1144
1806 5777475 2628
1807 5780103 2047
1808 5782150 1917
1809 5784067 4312
1810 5788379 14618
1811 5802997 2144
1812 5805141 6607
1813 5811748 13750
1814 5825498 9081
1815 5834579 3725
1816 5838304 4626
1817 5842930 3659
1818 5846589 5691
1819 5852280 1710
1820 5853990 9115
1821 5863105 4006
1822 5867111 1911
1823 5869022 9783
1824 5878805 6506
1825 5885311 2472
1826 5887783 4548
1827 5892331 7570
1828 5899901 2105
1829 5902006 3724
1830 5905730 4332
1831 5910062 1105
1832 5911167 2233
1833 5913400 5145
1834 5918545 7838
1835 5926383 5332
1836 5931715 11021
1837 5942736 1846
1838 5944582 7281
1839 5951863 3702
1840 5955565 7940
1841 5963505 492
1842 5963997 5227
1843 5969224 2508
1844 5971732 3095
1845 5974827 3893
1846 5978720 763
1847 5979483 885
1848 5980368 5686
1849 5986054 1498
1850 5987552 2152
1851 5989704 2632
1852 5992336 3680
1853 5996016 3284
1854 5999300 2100
1855 6001400 4840
1856 6006240 10156
1857 6016396 601
1858 6016997 3178
1859 6020175 3467
1860 6023642 5328
1861 6028970 3777
1862 6032747 6262
1863 6039009 9870
1864 6048879 2089
1865 6050968 1645
1866 6052613 3137
1867 6055750 5594
1868 6061344 3682
1869 6065026 1996
1870 6067022 4408
1871 6071430 1378
1872 6072808 9467
1873 6082275 4590
1874 6086865 2595
1875 6089460 3589
1876 6093049 1817
1877 6094866 1497
1878 6096363 1519
1879 6097882 4730
1880 6102612 2905
1881 6105517 8573
1882 6114090 7789
1883 6121879 5320
1884 6127199 3055
1885 6130254 7138
1886 6137392 1208
1887 6138600 2815
1888 6141415 1962
1889 6143377 2331
1890 6145708 538
1891 6146246 5895
1892 6152141 531
1893 6152672 2087
1894 6154759 6639
1895 6161398 5894
1896 6167292 2532
1897 6169824 3086
1898 6172910 8953
1899 6181863 3628
1900 6185491 3905
1901 6189396 3052
1902 6192448 8968
1903 6201416 3405
1904 6204821 3650
1905 6208471 1479
1906 6209950 4494
1907 6214444 1034
1908 6215478 1788
1909 6217266 5608
1910 6222874 1808
1911 6224682 5945
1912 6230627 2630
1913 6233257 5415
1914 6238672 3934
1915 6242606 13783
1916 6256389 3838
1917 6260227 1861
1918 6262088 3651
1919 6265739 6606
1920 6272345 2973
1921 6275318 577
1922 6275895 4702
1923 6280597 4568
1924 6285165 2722
1925 6287887 4755
1926 6292642 2170
1927 6294812 752
1928 6295564 3748
1929 6299312 4261
1930 6303573 3618
1931 6307191 14618
1932 6321809 3065
1933 6324874 4833
1934 6329707 4116
1935 6333823 2737
1936 6336560 3583
1937 6340143 3481
1938 6343624 19808
1939 6363432 4011
1940 6367443 1265
1941 6368708 4185
1942 6372893 3687
1943 6376580 5360
1944 6381940 4332
1945 6386272 3806
1946 6390078 4384
1947 6394462 3081
1948 6397543 1701
1949 6399244 4316
1950 6403560 3748
1951 6407308 3190
1952 6410498 4009
1953 6414507 4171
1954 6418678 3555
1955 6422233 3655
1956 6425888 3817
1957 6429705 4016
1958 6433721 3483
1959 6437204 4322
1960 6441526 10523
1961 6452049 3775
1962 6455824 4731
1963 6460555 3515
1964 6464070 4033
1965 6468103 4788
1966 6472891 4197
1967 6477088 3963
1968 6481051 3490
1969 6484541 3102
1970 6487643 3144
1971 6490787 4073
1972 6494860 3279
1973 6498139 19368
1974 6517507 4366
1975 6521873 3419
1976 6525292 1565
1977 6526857 3465
1978 6530322 3527
1979 6533849 19553
1980 6553402 4685
1981 6558087 1522
1982 6559609 3425
1983 6563034 4860
1984 6567894 4158
1985 6572052 3354
1986 6575406 1238
1987 6576644 3465
1988 6580109 5457
1989 6585566 3787
1990 6589353 5077
1991 6594430 3183
1992 6597613 3301
1993 6600914 3650
1994 6604564 3742
1995 6608306 3492
1996 6611798 2748
1997 6614546 3250
1998 6617796 3658
1999 6621454 3207
2000 6624661 3562
2001 6628223 18951
2002 6647174 4528
2003 6651702 3793
2004 6655495 3633
2005 6659128 1606
2006 6660734 4341
2007 6665075 1250
2008 6666325 944
2009 6667269 2972
2010 6670241 4083
2011 6674324 3561
2012 6677885 2860
2013 6680745 2624
2014 6683369 4234
2015 6687603 3839
2016 6691442 4834
2017 6696276 3341
2018 6699617 4827
2019 6704444 3327
2020 6707771 3287
2021 6711058 3659
2022 6714717 216
2023 6714933 178
2024 6715111 206
2025 6715317 178
2026 6715495 657
2027 6716152 630
2028 6716782 675
2029 6717457 657
2030 6718114 633
2031 6718747 191
2032 6718938 603
2033 6719541 626
2034 6720167 689
2035 6720856 232
2036 6721088 178
2037 6721266 660
2038 6721926 172
2039 6722098 640
2040 6722738 638
2041 6723376 638
2042 6724014 635
2043 6724649 629
2044 6725278 640
2045 6725918 644
2046 6726562 193
2047 6726755 656
2048 6727411 639
2049 6728050 626
2050 6728676 181
2051 6728857 632
2052 6729489 221
2053 6729710 685
2054 6730395 222
2055 6730617 628
2056 6731245 371
2057 6731616 193
2058 6731809 673
2059 6732482 658
2060 6733140 574
2061 6733714 641
2062 6734355 637
2063 6734992 669
2064 6735661 642
2065 6736303 662
2066 6736965 655
2067 6737620 665
2068 6738285 659
2069 6738944 218
2070 6739162 638
2071 6739800 636
2072 6740436 623
2073 6741059 657
2074 6741716 630
2075 6742346 678
2076 6743024 635
2077 6743659 631
2078 6744290 222
2079 6744512 556
2080 6745068 626
2081 6745694 212
2082 6745906 656
2083 6746562 641
2084 6747203 626
2085 6747829 227
2086 6748056 627
2087 6748683 180
2088 6748863 674
2089 6749537 626
2090 6750163 180
2091 6750343 198
2092 6750541 191
2093 6750732 218
2094 6750950 632
2095 6751582 660
2096 6752242 630
2097 6752872 673
2098 6753545 669
2099 6754214 636
2100 6754850 223
2101 6755073 626
2102 6755699 295
2103 6755994 192
2104 6756186 639
2105 6756825 218
2106 6757043 289
2107 6757332 311
2108 6757643 667
2109 6758310 180
2110 6758490 269
2111 6758759 200
2112 6758959 634
2113 6759593 243
2114 6759836 683
2115 6760519 641
2116 6761160 640
2117 6761800 189
2118 6761989 660
2119 6762649 220
2120 6762869 202
2121 6763071 659
2122 6763730 638
2123 6764368 660
2124 6765028 212
2125 6765240 656
2126 6765896 194
2127 6766090 634
2128 6766724 198
2129 6766922 660
2130 6767582 647
2131 6768229 680
2132 6768909 660
2133 6769569 647
2134 6770216 674
2135 6770890 660
2136 6771550 662
2137 6772212 636
2138 6772848 206
2139 6773054 633
2140 6773687 626
2141 6774313 629
2142 6774942 637
2143 6775579 645
2144 6776224 660
2145 6776884 602
2146 6777486 200
2147 6777686 625
2148 6778311 660
2149 6778971 639
2150 6779610 222
2151 6779832 667
2152 6780499 645
2153 6781144 668
2154 6781812 179
2155 6781991 626
2156 6782617 217
2157 6782834 191
2158 6783025 197
2159 6783222 191
2160 6783413 619
2161 6784032 630
2162 6784662 637
2163 6785299 638
2164 6785937 641
2165 6786578 192
2166 6786770 660
2167 6787430 179
2168 6787609 629
2169 6788238 194
2170 6788432 626
2171 6789058 660
2172 6789718 633
2173 6790351 190
2174 6790541 643
2175 6791184 217
2176 6791401 172
2177 6791573 620
2178 6792193 638
2179 6792831 647
2180 6793478 639
2181 6794117 636
2182 6794753 192
2183 6794945 604
2184 6795549 658
2185 6796207 642
2186 6796849 660
2187 6797509 284
2188 6797793 179
2189 6797972 643
2190 6798615 219
2191 6798834 172
2192 6799006 645
2193 6799651 659
2194 6800310 212
2195 6800522 194
2196 6800716 206
2197 6800922 194
2198 6801116 194
2199 6801310 206
2200 6801516 200
2201 6801716 191
2202 6801907 601
2203 6802508 637
2204 6803145 637
2205 6803782 631
2206 6804413 638
2207 6805051 645
2208 6805696 638
2209 6806334 634
2210 6806968 641
2211 6807609 659
2212 6808268 659
2213 6808927 631
2214 6809558 199
2215 6809757 193
2216 6809950 173
2217 6810123 647
2218 6810770 200
2219 6810970 172
2220 6811142 216
2221 6811358 621
2222 6811979 638
2223 6812617 647
2224 6813264 638
2225 6813902 185
2226 6814087 659
2227 6814746 641
2228 6815387 659
2229 6816046 630
2230 6816676 639
2231 6817315 647
2232 6817962 177
2233 6818139 198
2234 6818337 166
2235 6818503 216
2236 6818719 632
2237 6819351 638
2238 6819989 649
2239 6820638 639
2240 6821277 636
2241 6821913 659
2242 6822572 191
2243 6822763 601
2244 6823364 693
2245 6824057 211
2246 6824268 640
2247 6824908 626
2248 6825534 193
2249 6825727 659
2250 6826386 189
2251 6826575 682
2252 6827257 219
2253 6827476 674
2254 6828150 239
2255 6828389 631
2256 6829020 213
2257 6829233 647
2258 6829880 658
2259 6830538 650
2260 6831188 667
2261 6831855 662
2262 6832517 666
2263 6833183 654
2264 6833837 663
2265 6834500 667
2266 6835167 641
2267 6835808 637
2268 6836445 623
2269 6837068 633
2270 6837701 648
2271 6838349 638
2272 6838987 667
2273 6839654 179
2274 6839833 601
2275 6840434 196
2276 6840630 659
2277 6841289 194
2278 6841483 648
2279 6842131 641
2280 6842772 625
2281 6843397 659
2282 6844056 221
2283 6844277 628
2284 6844905 179
2285 6845084 659
2286 6845743 240
2287 6845983 230
2288 6846213 166
2289 6846379 619
2290 6846998 638
2291 6847636 640
2292 6848276 191
2293 6848467 659
2294 6849126 197
2295 6849323 205
2296 6849528 640
2297 6850168 624
2298 6850792 659
2299 6851451 258
2300 6851709 184
2301 6851893 209
2302 6852102 627
2303 6852729 646
2304 6853375 659
2305 6854034 226
2306 6854260 233
2307 6854493 185
2308 6854678 602
2309 6855280 193
2310 6855473 173
2311 6855646 641
2312 6856287 640
2313 6856927 216
2314 6857143 621
2315 6857764 633
2316 6858397 648
2317 6859045 667
2318 6859712 193
2319 6859905 624
2320 6860529 250
2321 6860779 614
2322 6861393 639
2323 6862032 677
2324 6862709 633
2325 6863342 648
2326 6863990 188
2327 6864178 190
2328 6864368 664
2329 6865032 693
2330 6865725 673
2331 6866398 650
2332 6867048 652
2333 6867700 652
2334 6868352 664
2335 6869016 663
2336 6869679 692
2337 6870371 628
2338 6870999 634
2339 6871633 638
2340 6872271 620
2341 6872891 632
2342 6873523 638
2343 6874161 636
2344 6874797 692
2345 6875489 192
2346 6875681 660
2347 6876341 642
2348 6876983 660
2349 6877643 242
2350 6877885 241
2351 6878126 198
2352 6878324 660
2353 6878984 215
2354 6879199 230
2355 6879429 224
2356 6879653 218
2357 6879871 619
2358 6880490 633
2359 6881123 633
2360 6881756 645
2361 6882401 654
2362 6883055 198
2363 6883253 602
2364 6883855 650
2365 6884505 208
2366 6884713 640
2367 6885353 622
2368 6885975 208
2369 6886183 191
2370 6886374 644
2371 6887018 213
2372 6887231 660
2373 6887891 204
2374 6888095 603
2375 6888698 662
2376 6889360 660
2377 6890020 645
2378 6890665 660
2379 6891325 640
2380 6891965 625
2381 6892590 192
2382 6892782 627
2383 6893409 660
2384 6894069 196
2385 6894265 202
2386 6894467 190
2387 6894657 235
2388 6894892 697
2389 6895589 642
2390 6896231 658
2391 6896889 658
2392 6897547 660
2393 6898207 664
2394 6898871 649
2395 6899520 659
2396 6900179 222
2397 6900401 243
2398 6900644 207
2399 6900851 248
2400 6901099 247
2401 6901346 246
2402 6901592 240
2403 6901832 222
2404 6902054 210
2405 6902264 229
2406 6902493 251
2407 6902744 226
2408 6902970 213
2409 6903183 222
2410 6903405 243
2411 6903648 243
2412 6903891 235
2413 6904126 229
2414 6904355 222
2415 6904577 246
2416 6904823 250
2417 6905073 253
2418 6905326 245
2419 6905571 249
2420 6905820 243
2421 6906063 241
2422 6906304 236
2423 6906540 228
2424 6906768 213
2425 6906981 248
2426 6907229 240
2427 6907469 216
2428 6907685 5009
2429 6912694 6554
2430 6919248 4249
2431 6923497 3617
2432 6927114 3064
2433 6930178 8659
2434 6938837 4050
2435 6942887 38582
2436 6981469 5454
2437 6986923 17886
2438 7004809 5305
2439 7010114 2783
2440 7012897 3797
2441 7016694 4742
2442 7021436 4840
2443 7026276 5260
2444 7031536 6740
2445 7038276 4693
2446 7042969 8967
2447 7051936 5497
2448 7057433 7458
2449 7064891 7919
2450 7072810 5662
2451 7078472 5372
2452 7083844 4479
2453 7088323 4974
2454 7093297 4332
2455 7097629 5360
2456 7102989 1271
2457 7104260 19886
2458 7124146 6347
2459 7130493 2828
2460 7133321 3495
2461 7136816 3928
2462 7140744 3482
2463 7144226 11930
2464 7156156 8233
2465 7164389 8017
2466 7172406 1643
2467 7174049 5266
2468 7179315 4622
2469 7183937 9463
2470 7193400 5323
2471 7198723 4800
2472 7203523 10523
2473 7214046 5569
2474 7219615 3177
2475 7222792 3760
2476 7226552 3327
2477 7229879 18445
2478 7248324 5378
2479 7253702 11489
2480 7265191 7891
2481 7273082 19553
2482 7292635 5469
2483 7298104 2141
2484 7300245 2885
2485 7303130 3680
2486 7306810 19368
2487 7326178 19791
2488 7345969 4366
2489 7350335 4312
2490 7354647 3536
2491 7358183 6799
2492 7364982 25801
2493 7390783 11242
2494 7402025 7109
2495 7409134 5962
2496 7415096 6366
2497 7421462 23605
2498 7445067 2824
2499 7447891 1629
2500 7449520 2826
2501 7452346 953
2502 7453299 15583
2503 7468882 6438
2504 7475320 742
2505 7476062 2775
2506 7478837 2614
2507 7481451 2790
2508 7484241 20069
2509 7504310 3577
2510 7507887 3400
2511 7511287 3367
2512 7514654 2552
2513 7517206 13935
2514 7531141 4113
2515 7535254 2974
2516 7538228 693
2517 7538921 3851
2518 7542772 28641
2519 7571413 4219
2520 7575632 9336
2521 7584968 30317
2522 7615285 19688
2523 7634973 955
2524 7635928 621
2525 7636549 2329
2526 7638878 1619
2527 7640497 4970
2528 7645467 3320
2529 7648787 2505
2530 7651292 4596
2531 7655888 1149
2532 7657037 674
2533 7657711 426
2534 7658137 9924
2535 7668061 2305
2536 7670366 30457
2537 7700823 936
2538 7701759 2590
2539 7704349 335
2540 7704684 7219
2541 7711903 19036
2542 7730939 5707
2543 7736646 2184
2544 7738830 2613
2545 7741443 1249
2546 7742692 3652
2547 7746344 2363
2548 7748707 22100
2549 7770807 857
2550 7771664 400
2551 7772064 1156
2552 7773220 3849
2553 7777069 1140
2554 7778209 3255
2555 7781464 1582
2556 7783046 1351
2557 7784397 2021
2558 7786418 1288
2559 7787706 1318
2560 7789024 3900
2561 7792924 557
2562 7793481 2579
2563 7796060 825
2564 7796885 2422
2565 7799307 694
2566 7800001 5022
2567 7805023 3772
2568 7808795 2440
2569 7811235 2535
2570 7813770 3461
2571 7817231 2542
2572 7819773 20291
2573 7840064 8422
2574 7848486 4499
2575 7852985 4168
2576 7857153 1558
2577 7858711 4510
2578 7863221 1206
2579 7864427 1504
2580 7865931 2204
2581 7868135 18051
2582 7886186 5701
2583 7891887 4049
2584 7895936 3586
2585 7899522 16398
2586 7915920 1178
2587 7917098 1378
2588 7918476 5197
2589 7923673 6869
2590 7930542 1954
2591 7932496 8230
2592 7940726 8531
2593 7949257 6770
2594 7956027 7567
2595 7963594 1395
2596 7964989 2178
2597 7967167 843
2598 7968010 2158
2599 7970168 4249
2600 7974417 5263
2601 7979680 5495
2602 7985175 4718
2603 7989893 3798
2604 7993691 1451
2605 7995142 9105
2606 8004247 1754
2607 8006001 1481
2608 8007482 8059
2609 8015541 5026
2610 8020567 8966
2611 8029533 5390
2612 8034923 3136
2613 8038059 8117
2614 8046176 14197
2615 8060373 3902
2616 8064275 11618
2617 8075893 8029
2618 8083922 807
2619 8084729 15725
2620 8100454 6090
2621 8106544 5286
2622 8111830 1466
2623 8113296 726
2624 8114022 1385
2625 8115407 3276
2626 8118683 1791
2627 8120474 1094
2628 8121568 1838
2629 8123406 224
2630 8123630 2644
2631 8126274 374
2632 8126648 1513
2633 8128161 1506
2634 8129667 2680
2635 8132347 342
2636 8132689 1297
2637 8133986 3931
2638 8137917 3141
2639 8141058 549
2640 8141607 1251
2641 8142858 1210
2642 8144068 603
2643 8144671 7428
2644 8152099 3728
2645 8155827 7022
2646 8162849 1673
2647 8164522 2050
2648 8166572 519
2649 8167091 2310
2650 8169401 1551
2651 8170952 11571
2652 8182523 2066
2653 8184589 931
2654 8185520 1837
2655 8187357 11584
2656 8198941 2977
2657 8201918 962
2658 8202880 2222
2659 8205102 1241
2660 8206343 4775
2661 8211118 323
2662 8211441 7068
2663 8218509 1055
2664 8219564 1794
2665 8221358 2579
2666 8223937 1497
2667 8225434 1258
2668 8226692 6692
2669 8233384 3552
2670 8236936 1019
2671 8237955 3547
2672 8241502 1665
2673 8243167 3008
2674 8246175 1332
2675 8247507 521
2676 8248028 788
2677 8248816 4849
2678 8253665 1246
2679 8254911 6459
2680 8261370 2704
2681 8264074 456
2682 8264530 4255
2683 8268785 533
2684 8269318 1499
2685 8270817 2138
2686 8272955 3188
2687 8276143 1546
2688 8277689 1463
2689 8279152 2362
2690 8281514 603
2691 8282117 3150
2692 8285267 5574
2693 8290841 4708
2694 8295549 1887
2695 8297436 6089
2696 8303525 2472
2697 8305997 981
2698 8306978 4182
2699 8311160 2968
2700 8314128 1262
2701 8315390 1955
2702 8317345 2328
2703 8319673 2746
2704 8322419 2314
2705 8324733 1301
2706 8326034 4709
2707 8330743 4590
2708 8335333 3587
2709 8338920 3140
2710 8342060 4114
2711 8346174 4513
2712 8350687 2783
2713 8353470 3831
2714 8357301 2318
2715 8359619 2307
2716 8361926 20508
2717 8382434 3320
2718 8385754 1927
2719 8387681 2686
2720 8390367 5357
2721 8395724 4178
2722 8399902 3037
2723 8402939 5470
2724 8408409 2629
2725 8411038 5040
2726 8416078 4797
2727 8420875 3320
2728 8424195 5428
2729 8429623 4286
2730 8433909 2546
2731 8436455 4420
2732 8440875 7408
2733 8448283 193
2734 8448476 4739
2735 8453215 910
2736 8454125 801
2737 8454926 1787
2738 8456713 945
2739 8457658 1847
2740 8459505 12145
2741 8471650 4443
2742 8476093 1889
2743 8477982 6896
2744 8484878 9989
2745 8494867 9953
2746 8504820 3388
2747 8508208 1410
2748 8509618 3524
2749 8513142 4674
2750 8517816 3464
2751 8521280 1743
2752 8523023 2587
2753 8525610 3948
2754 8529558 3536
2755 8533094 5177
2756 8538271 5264
2757 8543535 1322
2758 8544857 9381
2759 8554238 3296
2760 8557534 602
2761 8558136 1555
2762 8559691 3327
2763 8563018 1889
2764 8564907 3284
2765 8568191 2139
2766 8570330 5839
2767 8576169 2309
2768 8578478 4224
2769 8582702 4925
2770 8587627 5479
2771 8593106 3035
2772 8596141 2767
2773 8598908 2142
2774 8601050 4026
2775 8605076 2533
2776 8607609 3641
2777 8611250 3884
2778 8615134 1915
2779 8617049 5457
2780 8622506 6895
2781 8629401 2527
2782 8631928 4601
2783 8636529 6995
2784 8643524 2503
2785 8646027 2692
2786 8648719 833
2787 8649552 5380
2788 8654932 288
2789 8655220 3596
2790 8658816 5945
2791 8664761 1257
2792 8666018 1404
2793 8667422 3706
2794 8671128 4602
2795 8675730 2406
2796 8678136 2222
2797 8680358 3796
2798 8684154 4080
2799 8688234 948
2800 8689182 2957
2801 8692139 1159
2802 8693298 1803
2803 8695101 2022
2804 8697123 3146
2805 8700269 7163
2806 8707432 8632
2807 8716064 3986
2808 8720050 4017
2809 8724067 4647
2810 8728714 3923
2811 8732637 4650
2812 8737287 1177
2813 8738464 4236
2814 8742700 2728
2815 8745428 1736
2816 8747164 1098
2817 8748262 4060
2818 8752322 3896
2819 8756218 2910
2820 8759128 3186
2821 8762314 7711
2822 8770025 19094
2823 8789119 2217
2824 8791336 1667
2825 8793003 4273
2826 8797276 5141
2827 8802417 8874
2828 8811291 3164
2829 8814455 13397
2830 8827852 3765
2831 8831617 205
2832 8831822 6395
2833 8838217 8731
2834 8846948 5788
2835 8852736 2187
2836 8854923 4995
2837 8859918 1234
2838 8861152 6385
2839 8867537 1685
2840 8869222 3460
2841 8872682 2826
2842 8875508 6313
2843 8881821 5416
2844 8887237 1827
2845 8889064 6775
2846 8895839 3694
2847 8899533 10455
2848 8909988 7001
2849 8916989 4583
2850 8921572 3545
2851 8925117 6473
2852 8931590 9659
2853 8941249 1613
2854 8942862 2798
2855 8945660 2421
2856 8948081 4580
2857 8952661 8734
2858 8961395 1606
2859 8963001 4836
2860 8967837 5328
2861 8973165 1322
2862 8974487 14614
2863 8989101 1114
2864 8990215 1335
2865 8991550 5253
2866 8996803 2520
2867 8999323 3107
2868 9002430 6892
2869 9009322 6224
2870 9015546 9222
2871 9024768 11715
2872 9036483 2091
2873 9038574 6520
2874 9045094 5835
2875 9050929 10048
2876 9060977 7726
2877 9068703 207
2878 9068910 243
2879 9069153 268
2880 9069421 195
2881 9069616 229
2882 9069845 207
2883 9070052 252
2884 9070304 5996
2885 9076300 1241
2886 9077541 4953
2887 9082494 10000
2888 9092494 5522
2889 9098016 3055
2890 9101071 2008
2891 9103079 1972
2892 9105051 2335
2893 9107386 1838
2894 9109224 1432
2895 9110656 1512
2896 9112168 1577
2897 9113745 1651
2898 9115396 3473
2899 9118869 2563
2900 9121432 15291
2901 9136723 3319
2902 9140042 7986
2903 9148028 3692
2904 9151720 3442
2905 9155162 6168
2906 9161330 2568
2907 9163898 3702
2908 9167600 2773
2909 9170373 9379
2910 9179752 1396
2911 9181148 193
2912 9181341 1944
2913 9183285 4989
2914 9188274 1414
2915 9189688 1710
2916 9191398 1848
2917 9193246 2888
2918 9196134 8181
2919 9204315 7532
2920 9211847 3503
2921 9215350 9763
2922 9225113 1657
2923 9226770 964
2924 9227734 1667
2925 9229401 4145
2926 9233546 3774
2927 9237320 1037
2928 9238357 15105
2929 9253462 4145
2930 9257607 6522
2931 9264129 3499
2932 9267628 3510
2933 9271138 1228
2934 9272366 4805
2935 9277171 774
2936 9277945 511
2937 9278456 7803
2938 9286259 2871
2939 9289130 3641
2940 9292771 2747
2941 9295518 1225
2942 9296743 1005
2943 9297748 2157
2944 9299905 252
2945 9300157 207
2946 9300364 262
2947 9300626 11875
2948 9312501 5369
2949 9317870 5912
2950 9323782 1778
2951 9325560 1062
2952 9326622 22683
2953 9349305 1519
2954 9350824 6633
2955 9357457 6426
2956 9363883 9590
2957 9373473 1642
2958 9375115 3788
2959 9378903 2112
2960 9381015 3241
2961 9384256 778
2962 9385034 6228
2963 9391262 6370
2964 9397632 5748
2965 9403380 10759
2966 9414139 3804
2967 9417943 1595
2968 9419538 2160
2969 9421698 9595
2970 9431293 4323
2971 9435616 6396
2972 9442012 3059
2973 9445071 6109
2974 9451180 6090
2975 9457270 1704
2976 9458974 6483
2977 9465457 3286
2978 9468743 6721
2979 9475464 9045
2980 9484509 1436
2981 9485945 2921
2982 9488866 1786
2983 9490652 3362
2984 9494014 6024
2985 9500038 6804
2986 9506842 6314
2987 9513156 6436
2988 9519592 9711
2989 9529303 1192
2990 9530495 1158
2991 9531653 680
2992 9532333 5538
2993 9537871 2792
2994 9540663 2329
2995 9542992 5539
2996 9548531 12229
2997 9560760 2608
2998 9563368 26097
2999 9589465 3722
3000 9593187 4047
3001 9597234 12442
3002 9609676 4413
3003 9614089 3903
3004 9617992 14663
3005 9632655 12285
3006 9644940 3687
3007 9648627 1648
3008 9650275 9114
3009 9659389 1815
3010 9661204 724
3011 9661928 3243
3012 9665171 2868
3013 9668039 5831
3014 9673870 9630
3015 9683500 4055
3016 9687555 1146
3017 9688701 1797
3018 9690498 5512
3019 9696010 4609
3020 9700619 4555
3021 9705174 4406
3022 9709580 1870
3023 9711450 4382
3024 9715832 3687
3025 9719519 6176
3026 9725695 4203
3027 9729898 1117
3028 9731015 746
3029 9731761 8856
3030 9740617 3966
3031 9744583 7019
3032 9751602 1524
3033 9753126 2490
3034 9755616 1099
3035 9756715 1037
3036 9757752 1028
3037 9758780 5339
3038 9764119 11011
3039 9775130 759
3040 9775889 678
3041 9776567 4030
3042 9780597 10102
3043 9790699 1321
3044 9792020 3122
3045 9795142 864
3046 9796006 695
3047 9796701 639
3048 9797340 1000
3049 9798340 738
3050 9799078 1765
3051 9800843 12311
3052 9813154 4339
3053 9817493 11204
3054 9828697 3623
3055 9832320 8513
3056 9840833 4232
3057 9845065 3233
3058 9848298 12865
3059 9861163 4582
3060 9865745 2379
3061 9868124 2435
3062 9870559 667
3063 9871226 1384
3064 9872610 10090
3065 9882700 21769
3066 9904469 879
3067 9905348 3521
3068 9908869 3842
3069 9912711 1430
3070 9914141 1075
3071 9915216 5767
3072 9920983 1220
3073 9922203 918
3074 9923121 10828
3075 9933949 1363
3076 9935312 17733
3077 9953045 9481
3078 9962526 2851
3079 9965377 3978
3080 9969355 1363
3081 9970718 4606
3082 9975324 5963
3083 9981287 1067
3084 9982354 885
3085 9983239 2309
3086 9985548 8173
3087 9993721 3262
3088 9996983 1849
3089 9998832 537
3090 9999369 1555
3091 10000924 2283
3092 10003207 3815
3093 10007022 5941
3094 10012963 1337
3095 10014300 3175
3096 10017475 1247
3097 10018722 1321
3098 10020043 1111
3099 10021154 5543
3100 10026697 937
3101 10027634 4371
3102 10032005 350
3103 10032355 8882
3104 10041237 3597
3105 10044834 1613
3106 10046447 1345
3107 10047792 4079
3108 10051871 1257
3109 10053128 2663
3110 10055791 1786
3111 10057577 4117
3112 10061694 12823
3113 10074517 1481
3114 10075998 4036
3115 10080034 1371
3116 10081405 1094
3117 10082499 3965
3118 10086464 6879
3119 10093343 1590
3120 10094933 1524
3121 10096457 1459
3122 10097916 2164
3123 10100080 1753
3124 10101833 1770
3125 10103603 1161
3126 10104764 811
3127 10105575 7027
3128 10112602 8134
3129 10120736 1089
3130 10121825 2428
3131 10124253 1171
3132 10125424 6440
3133 10131864 1776
3134 10133640 7557
3135 10141197 6394
3136 10147591 1397
3137 10148988 8337
3138 10157325 6898
3139 10164223 3646
3140 10167869 3395
3141 10171264 4732
3142 10175996 1685
3143 10177681 1965
3144 10179646 1571
3145 10181217 2570
3146 10183787 2017
3147 10185804 3762
3148 10189566 952
3149 10190518 1217
3150 10191735 1936
3151 10193671 1448
3152 10195119 3821
3153 10198940 5728
3154 10204668 2250
3155 10206918 2912
3156 10209830 1514
3157 10211344 5760
3158 10217104 2668
3159 10219772 1297
3160 10221069 1275
3161 10222344 1344
3162 10223688 7965
3163 10231653 1722
3164 10233375 2840
3165 10236215 1252
3166 10237467 1440
3167 10238907 5134
3168 10244041 3051
3169 10247092 1306
3170 10248398 2798
3171 10251196 1453
3172 10252649 939
3173 10253588 2785
3174 10256373 1504
3175 10257877 917
3176 10258794 3010
3177 10261804 1232
3178 10263036 8789
3179 10271825 2618
3180 10274443 1634
3181 10276077 2244
3182 10278321 6263
3183 10284584 2088
3184 10286672 1576
3185 10288248 3157
3186 10291405 4069
3187 10295474 2693
3188 10298167 2892
3189 10301059 1046
3190 10302105 1428
3191 10303533 5515
3192 10309048 1656
3193 10310704 3628
3194 10314332 2090
3195 10316422 5818
3196 10322240 6790
3197 10329030 1230
3198 10330260 1529
3199 10331789 2208
3200 10333997 1751
3201 10335748 2955
3202 10338703 1229
3203 10339932 1969
3204 10341901 931
3205 10342832 1877
3206 10344709 2976
3207 10347685 6895
3208 10354580 2670
3209 10357250 1572
3210 10358822 1777
3211 10360599 1714
3212 10362313 969
3213 10363282 8968
3214 10372250 5619
3215 10377869 5677
3216 10383546 5494
3217 10389040 6751
3218 10395791 2082
3219 10397873 19465
3220 10417338 7689
3221 10425027 1246
3222 10426273 3044
3223 10429317 1866
3224 10431183 2701
3225 10433884 4183
3226 10438067 1421
3227 10439488 603
3228 10440091 6580
3229 10446671 2424
3230 10449095 1837
3231 10450932 3355
3232 10454287 1897
3233 10456184 13767
3234 10469951 1648
3235 10471599 3039
3236 10474638 2376
3237 10477014 2840
3238 10479854 18382
3239 10498236 3698
3240 10501934 2017
3241 10503951 3233
3242 10507184 2878
3243 10510062 7594
3244 10517656 427
3245 10518083 529
3246 10518612 4508
3247 10523120 3693
3248 10526813 9043
3249 10535856 3424
3250 10539280 2068
3251 10541348 2018
3252 10543366 6481
3253 10549847 2263
3254 10552110 14986
3255 10567096 6431
3256 10573527 1345
3257 10574872 1992
3258 10576864 2954
3259 10579818 2601
3260 10582419 2153
3261 10584572 1605
3262 10586177 757
3263 10586934 1407
3264 10588341 751
3265 10589092 403
3266 10589495 3941
3267 10593436 3079
3268 10596515 7624
3269 10604139 1372
3270 10605511 1189
3271 10606700 1875
3272 10608575 5513
3273 10614088 8117
3274 10622205 932
3275 10623137 863
3276 10624000 1659
3277 10625659 2255
3278 10627914 7303
3279 10635217 1657
3280 10636874 4785
3281 10641659 2473
3282 10644132 3654
3283 10647786 2709
3284 10650495 6985
3285 10657480 2320
3286 10659800 3039
3287 10662839 4621
3288 10667460 2539
3289 10669999 2901
3290 10672900 1922
3291 10674822 1291
3292 10676113 4754
3293 10680867 1020
3294 10681887 1817
3295 10683704 1690
3296 10685394 2702
3297 10688096 9366
3298 10697462 2651
3299 10700113 9107
3300 10709220 6175
3301 10715395 3386
3302 10718781 7899
3303 10726680 1751
3304 10728431 2218
3305 10730649 1664
3306 10732313 980
3307 10733293 2405
3308 10735698 1696
3309 10737394 1798
3310 10739192 15096
3311 10754288 7404
3312 10761692 3160
3313 10764852 1692
3314 10766544 1428
3315 10767972 2009
3316 10769981 1801
3317 10771782 2094
3318 10773876 1174
3319 10775050 2152
3320 10777202 5451
3321 10782653 1513
3322 10784166 1182
3323 10785348 6970
3324 10792318 1034
3325 10793352 2243
3326 10795595 3234
3327 10798829 30054
3328 10828883 1108
3329 10829991 1758
3330 10831749 1262
3331 10833011 1662
3332 10834673 1743
3333 10836416 1690
3334 10838106 2651
3335 10840757 4676
3336 10845433 967
3337 10846400 2066
3338 10848466 1540
3339 10850006 1812
3340 10851818 1300
3341 10853118 1919
3342 10855037 872
3343 10855909 2730
3344 10858639 1887
3345 10860526 6167
3346 10866693 2741
3347 10869434 1218
3348 10870652 2700
3349 10873352 2329
3350 10875681 1352
3351 10877033 2204
3352 10879237 1533
3353 10880770 1728
3354 10882498 2600
3355 10885098 5622
3356 10890720 1688
3357 10892408 1310
3358 10893718 1615
3359 10895333 1307
3360 10896640 1621
3361 10898261 3250
3362 10901511 2999
3363 10904510 3371
3364 10907881 2726
3365 10910607 1421
3366 10912028 1384
3367 10913412 898
3368 10914310 2179
3369 10916489 1641
3370 10918130 1104
3371 10919234 3338
3372 10922572 3215
3373 10925787 3792
3374 10929579 1768
3375 10931347 3878
3376 10935225 1781
3377 10937006 1799
3378 10938805 983
3379 10939788 1284
3380 10941072 999
3381 10942071 1176
3382 10943247 5100
3383 10948347 2295
3384 10950642 1869
3385 10952511 1143
3386 10953654 1306
3387 10954960 1252
3388 10956212 4197
3389 10960409 1520
3390 10961929 2703
3391 10964632 2155
3392 10966787 1113
3393 10967900 1848
3394 10969748 5013
3395 10974761 2352
3396 10977113 6725
3397 10983838 8231
3398 10992069 3727
3399 10995796 5032
3400 11000828 3512
3401 11004340 1900
3402 11006240 1003
3403 11007243 1422
3404 11008665 1181
3405 11009846 2110
3406 11011956 1310
3407 11013266 1749
3408 11015015 1819
3409 11016834 2193
3410 11019027 1815
3411 11020842 7678
3412 11028520 18366
3413 11046886 3890
3414 11050776 4422
3415 11055198 3357
3416 11058555 3560
3417 11062115 10524
3418 11072639 4076
3419 11076715 1230
3420 11077945 905
3421 11078850 1517
3422 11080367 978
3423 11081345 1986
3424 11083331 4475
3425 11087806 1643
3426 11089449 6255
3427 11095704 7711
3428 11103415 2006
3429 11105421 4016
3430 11109437 2686
3431 11112123 4784
3432 11116907 8861
3433 11125768 4990
3434 11130758 7988
3435 11138746 4798
3436 11143544 10052
3437 11153596 2225
3438 11155821 1630
3439 11157451 2114
3440 11159565 1889
3441 11161454 2450
3442 11163904 2596
3443 11166500 13315
3444 11179815 2503
3445 11182318 2274
3446 11184592 2528
3447 11187120 3100
3448 11190220 1601
3449 11191821 10174
3450 11201995 9666
3451 11211661 4734
3452 11216395 7014
3453 11223409 3441
3454 11226850 2861
3455 11229711 5892
3456 11235603 3098
3457 11238701 5873
3458 11244574 4787
3459 11249361 13749
3460 11263110 3845
3461 11266955 2984
3462 11269939 1638
3463 11271577 8123
3464 11279700 12517
3465 11292217 3830
3466 11296047 2219
3467 11298266 5482
3468 11303748 5864
3469 11309612 7942
3470 11317554 10157
3471 11327711 3617
3472 11331328 3403
3473 11334731 2199
3474 11336930 399
3475 11337329 3798
3476 11341127 2045
3477 11343172 1498
3478 11344670 7393
3479 11352063 1035
3480 11353098 959
3481 11354057 1692
3482 11355749 3293
3483 11359042 1840
3484 11360882 4076
3485 11364958 2185
3486 11367143 4042
3487 11371185 1412
3488 11372597 2617
3489 11375214 1768
3490 11376982 1991
3491 11378973 1500
3492 11380473 5121
3493 11385594 9806
3494 11395400 1667
3495 11397067 756
3496 11397823 741
3497 11398564 2935
3498 11401499 1885
3499 11403384 2326
3500 11405710 3197
3501 11408907 2907
3502 11411814 2970
3503 11414784 3022
3504 11417806 2452
3505 11420258 2483
3506 11422741 2552
3507 11425293 868
3508 11426161 1610
3509 11427771 5844
3510 11433615 1302
3511 11434917 2059
3512 11436976 1594
3513 11438570 2912
3514 11441482 5817
3515 11447299 1209
3516 11448508 2836
3517 11451344 1858
3518 11453202 1251
3519 11454453 1135
3520 11455588 1792
3521 11457380 6006
3522 11463386 1816
3523 11465202 3454
3524 11468656 1609
3525 11470265 627
3526 11470892 2718
3527 11473610 913
3528 11474523 5775
3529 11480298 5225
3530 11485523 1627
3531 11487150 778
3532 11487928 807
3533 11488735 2499
3534 11491234 5814
3535 11497048 3753
3536 11500801 3729
3537 11504530 3687
3538 11508217 3782
3539 11511999 3836
3540 11515835 3864
3541 11519699 4068
3542 11523767 3885
3543 11527652 3810
3544 11531462 3834
3545 11535296 3852
3546 11539148 3771
3547 11542919 3810
3548 11546729 3828
3549 11550557 3824
3550 11554381 3871
3551 11558252 3710
3552 11561962 643
3553 11562605 5834
3554 11568439 699
3555 11569138 2819
3556 11571957 2882
3557 11574839 1107
3558 11575946 1290
3559 11577236 7595
3560 11584831 1499
3561 11586330 2311
3562 11588641 2111
3563 11590752 1472
3564 11592224 998
3565 11593222 1717
3566 11594939 2637
3567 11597576 1924
3568 11599500 17055
3569 11616555 1561
3570 11618116 4862
3571 11622978 2123
3572 11625101 2834
3573 11627935 6294
3574 11634229 548
3575 11634777 4048
3576 11638825 2056
3577 11640881 1227
3578 11642108 4673
3579 11646781 868
3580 11647649 2132
3581 11649781 1910
3582 11651691 4197
3583 11655888 4710
3584 11660598 9252
3585 11669850 4145
3586 11673995 2721
3587 11676716 859
3588 11677575 824
3589 11678399 923
3590 11679322 1067
3591 11680389 2012
3592 11682401 3132
3593 11685533 6335
3594 11691868 999
3595 11692867 6656
3596 11699523 953
3597 11700476 1163
3598 11701639 804
3599 11702443 6328
3600 11708771 2860
3601 11711631 9085
3602 11720716 7370
3603 11728086 1847
3604 11729933 5506
3605 11735439 3616
3606 11739055 1525
3607 11740580 657
3608 11741237 3300
3609 11744537 9186
3610 11753723 2895
3611 11756618 2233
3612 11758851 5730
3613 11764581 1316
3614 11765897 4428
3615 11770325 708
3616 11771033 2569
3617 11773602 1554
3618 11775156 1151
3619 11776307 2533
3620 11778840 4377
3621 11783217 2942
3622 11786159 5447
3623 11791606 5881
3624 11797487 4480
3625 11801967 2777
3626 11804744 2083
3627 11806827 1085
3628 11807912 823
3629 11808735 2654
3630 11811389 5798
3631 11817187 963
3632 11818150 1823
3633 11819973 1750
3634 11821723 7488
3635 11829211 1222
3636 11830433 2242
3637 11832675 2447
3638 11835122 1409
3639 11836531 598
3640 11837129 5019
3641 11842148 6137
3642 11848285 11639
3643 11859924 1233
3644 11861157 2358
3645 11863515 1045
3646 11864560 1280
3647 11865840 2198
3648 11868038 2836
3649 11870874 5202
3650 11876076 2456
3651 11878532 3038
3652 11881570 20095
3653 11901665 2864
3654 11904529 1628
3655 11906157 2262
3656 11908419 1779
3657 11910198 1476
3658 11911674 7366
3659 11919040 4618
3660 11923658 12606
3661 11936264 2428
3662 11938692 1838
3663 11940530 1461
3664 11941991 3124
3665 11945115 1394
3666 11946509 3896
3667 11950405 1119
3668 11951524 1146
3669 11952670 1352
3670 11954022 2401
3671 11956423 1975
3672 11958398 2376
3673 11960774 3481
3674 11964255 215
3675 11964470 986
3676 11965456 7335
3677 11972791 5225
3678 11978016 6585
3679 11984601 4449
3680 11989050 3714
3681 11992764 2765
3682 11995529 3977
3683 11999506 5302
3684 12004808 2860
3685 12007668 1980
3686 12009648 4758
3687 12014406 1241
3688 12015647 484
3689 12016131 3175
3690 12019306 2123
3691 12021429 10206
3692 12031635 1355
3693 12032990 5194
3694 12038184 2545
3695 12040729 6667
3696 12047396 7838
3697 12055234 1430
3698 12056664 1784
3699 12058448 2258
3700 12060706 3426
3701 12064132 1970
3702 12066102 2114
3703 12068216 6061
3704 12074277 2088
3705 12076365 1469
3706 12077834 1119
3707 12078953 3190
3708 12082143 6327
3709 12088470 1996
3710 12090466 2404
3711 12092870 2621
3712 12095491 2625
3713 12098116 3615
3714 12101731 1425
3715 12103156 8508
3716 12111664 3922
3717 12115586 1492
3718 12117078 10458
3719 12127536 4112
3720 12131648 7215
3721 12138863 10048
3722 12148911 3372
3723 12152283 6508
3724 12158791 4385
3725 12163176 4674
3726 12167850 3006
3727 12170856 1333
3728 12172189 3086
3729 12175275 1969
3730 12177244 1682
3731 12178926 1728
3732 12180654 3366
3733 12184020 2077
3734 12186097 2142
3735 12188239 996
3736 12189235 3970
3737 12193205 2211
3738 12195416 5411
3739 12200827 1757
3740 12202584 1909
3741 12204493 2557
3742 12207050 2207
3743 12209257 2392
3744 12211649 2199
3745 12213848 1806
3746 12215654 2396
3747 12218050 6031
3748 12224081 4967
3749 12229048 1641
3750 12230689 13688
3751 12244377 5385
3752 12249762 989
3753 12250751 14518
3754 12265269 1867
3755 12267136 1618
3756 12268754 1108
3757 12269862 1530
3758 12271392 1777
3759 12273169 6091
3760 12279260 3001
3761 12282261 3091
3762 12285352 2399
3763 12287751 1967
3764 12289718 2863
3765 12292581 5416
3766 12297997 15405
3767 12313402 7252
3768 12320654 3368
3769 12324022 3247
3770 12327269 2553
3771 12329822 2973
3772 12332795 1355
3773 12334150 2310
3774 12336460 5286
3775 12341746 1624
3776 12343370 1309
3777 12344679 1717
3778 12346396 2003
3779 12348399 2077
3780 12350476 2616
3781 12353092 2041
3782 12355133 1508
3783 12356641 1502
3784 12358143 1407
3785 12359550 2503
3786 12362053 2692
3787 12364745 2760
3788 12367505 1932
3789 12369437 2451
3790 12371888 7177
3791 12379065 1569
3792 12380634 1160
3793 12381794 1160
3794 12382954 1152
3795 12384106 1160
3796 12385266 1160
3797 12386426 1160
3798 12387586 1160
3799 12388746 1160
3800 12389906 1160
3801 12391066 803
3802 12391869 1135
3803 12393004 8095
3804 12401099 5561
3805 12406660 1335
3806 12407995 2019
3807 12410014 4770
3808 12414784 6800
3809 12421584 8201
3810 12429785 3931
3811 12433716 1259
3812 12434975 8871
3813 12443846 6031
3814 12449877 2075
3815 12451952 4470
3816 12456422 1957
3817 12458379 9319
3818 12467698 2415
3819 12470113 1283
3820 12471396 2936
3821 12474332 2170
3822 12476502 3027
3823 12479529 953
3824 12480482 3783
3825 12484265 2609
3826 12486874 1527
3827 12488401 3422
3828 12491823 1669
3829 12493492 6387
3830 12499879 2481
3831 12502360 5087
3832 12507447 8583
3833 12516030 5205
3834 12521235 1103
3835 12522338 1315
3836 12523653 1478
3837 12525131 2481
3838 12527612 2377
3839 12529989 1835
3840 12531824 3518
3841 12535342 2435
3842 12537777 3942
3843 12541719 3770
3844 12545489 452
3845 12545941 13402
3846 12559343 9619
3847 12568962 2477
3848 12571439 2099
3849 12573538 2447
3850 12575985 2671
3851 12578656 6398
3852 12585054 8013
3853 12593067 5245
3854 12598312 5963
3855 12604275 4575
3856 12608850 2511
3857 12611361 2499
3858 12613860 7430
3859 12621290 8527
3860 12629817 5421
3861 12635238 659
3862 12635897 2810
3863 12638707 3261
3864 12641968 1150
3865 12643118 1793
3866 12644911 1936
3867 12646847 652
3868 12647499 493
3869 12647992 616
3870 12648608 2588
3871 12651196 2530
3872 12653726 1933
3873 12655659 5785
3874 12661444 2048
3875 12663492 3836
3876 12667328 8149
3877 12675477 4203
3878 12679680 2399
3879 12682079 1589
3880 12683668 3024
3881 12686692 1791
3882 12688483 8322
3883 12696805 1711
3884 12698516 431
3885 12698947 441
3886 12699388 457
3887 12699845 501
3888 12700346 471
3889 12700817 479
3890 12701296 503
3891 12701799 539
3892 12702338 487
3893 12702825 517
3894 12703342 493
3895 12703835 485
3896 12704320 501
3897 12704821 469
3898 12705290 537
