1 0 6722
2 6722 8228
3 14950 3724
4 18674 5029
5 23703 3509
6 27212 1897
7 29109 1000
8 30109 1419
9 31528 1178
10 32706 2108
11 34814 1308
12 36122 1747
13 37869 1817
14 39686 2191
15 41877 1813
16 43690 7676
17 51366 18364
18 69730 3888
19 73618 4420
20 78038 3355
21 81393 3558
22 84951 10522
23 95473 4074
24 99547 1228
25 100775 903
26 101678 1515
27 103193 976
28 104169 1984
29 106153 4473
30 110626 1641
31 112267 6253
32 118520 7709
33 126229 2004
34 128233 4014
35 132247 2684
36 134931 4782
37 139713 8859
38 148572 4988
39 153560 7986
40 161546 4796
41 166342 10050
42 176392 2223
43 178615 1628
44 180243 2112
45 182355 1887
46 184242 2448
47 186690 2906
48 189596 2594
49 192190 13313
50 205503 2501
51 208004 2272
52 210276 2526
53 212802 3098
54 215900 10172
55 226072 9664
56 235736 4732
57 240468 7012
58 247480 3672
59 251152 3439
60 254591 2859
61 257450 5890
62 263340 3096
63 266436 5871
64 272307 4785
65 277092 13747
66 290839 3843
67 294682 2982
68 297664 1636
69 299300 8121
70 307421 5704
71 313125 12515
72 325640 3828
73 329468 2217
74 331685 5480
75 337165 5862
76 343027 7940
77 350967 10155
78 361122 3615
79 364737 3401
80 368138 2197
81 370335 397
82 370732 2043
83 372775 1496
84 374271 7391
85 381662 1033
86 382695 957
87 383652 1690
88 385342 3291
89 388633 1838
90 390471 4074
91 394545 2183
92 396728 4040
93 400768 1410
94 402178 4933
95 407111 2615
96 409726 1766
97 411492 1989
98 413481 1498
99 414979 1044
100 416023 1101
101 417124 6705
102 423829 2176
103 426005 1947
104 427952 6705
105 434657 6222
106 440879 646
107 441525 1852
108 443377 3096
109 446473 1273
110 447746 2316
111 450062 1128
112 451190 3495
113 454685 4127
114 458812 6303
115 465115 3770
116 468885 727
117 469612 4292
118 473904 4096
119 478000 552
120 478552 1014
121 479566 1599
122 481165 3670
123 484835 3604
124 488439 4819
125 493258 2713
126 495971 2094
127 498065 3146
128 501211 817
129 502028 7197
130 509225 962
131 510187 3163
132 513350 2400
133 515750 3421
134 519171 2565
135 521736 4086
136 525822 2057
137 527879 1877
138 529756 1438
139 531194 4440
140 535634 3897
141 539531 5696
142 545227 6680
143 551907 4546
144 556453 1816
145 558269 1285
146 559554 2864
147 562418 6459
148 568877 2554
149 571431 3463
150 574894 2728
151 577622 2292
152 579914 10515
153 590429 9131
154 599560 6829
155 606389 2220
156 608609 2536
157 611145 2406
158 613551 2385
159 615936 1362
160 617298 1151
161 618449 2961
162 621410 10187
163 631597 1292
164 632889 3984
165 636873 1140
166 638013 472
167 638485 10811
168 649296 1851
169 651147 3379
170 654526 3358
171 657884 3598
172 661482 9708
173 671190 2200
174 673390 1127
175 674517 796
176 675313 1070
177 676383 1848
178 678231 8537
179 686768 3471
180 690239 6361
181 696600 4830
182 701430 5626
183 707056 1722
184 708778 5376
185 714154 1707
186 715861 1726
187 717587 6818
188 724405 2800
189 727205 1512
190 728717 2082
191 730799 2596
192 733395 2593
193 735988 3796
194 739784 430
195 740214 440
196 740654 456
197 741110 500
198 741610 470
199 742080 478
200 742558 502
201 743060 538
202 743598 486
203 744084 516
204 744600 492
205 745092 484
206 745576 500
207 746076 468
208 746544 536
209 747080 215
210 747295 177
211 747472 205
212 747677 177
213 747854 622
214 748476 656
215 749132 629
216 749761 656
217 750417 190
218 750607 625
219 751232 231
220 751463 177
221 751640 659
222 752299 171
223 752470 669
224 753139 639
225 753778 634
226 754412 637
227 755049 637
228 755686 634
229 756320 628
230 756948 643
231 757591 655
232 758246 638
233 758884 180
234 759064 631
235 759695 220
236 759915 684
237 760599 221
238 760820 627
239 761447 370
240 761817 192
241 762009 672
242 762681 657
243 763338 573
244 763911 683
245 764594 636
246 765230 668
247 765898 653
248 766551 661
249 767212 654
250 767866 658
251 768524 217
252 768741 635
253 769376 622
254 769998 656
255 770654 677
256 771331 634
257 771965 630
258 772595 221
259 772816 555
260 773371 625
261 773996 211
262 774207 655
263 774862 640
264 775502 625
265 776127 226
266 776353 626
267 776979 179
268 777158 673
269 777831 179
270 778010 197
271 778207 190
272 778397 217
273 778614 631
274 779245 659
275 779904 629
276 780533 672
277 781205 668
278 781873 222
279 782095 555
280 782650 625
281 783275 294
282 783569 311
283 783880 191
284 784071 655
285 784726 217
286 784943 288
287 785231 666
288 785897 179
289 786076 268
290 786344 199
291 786543 242
292 786785 682
293 787467 640
294 788107 635
295 788742 639
296 789381 188
297 789569 555
298 790124 659
299 790783 219
300 791002 658
301 791660 659
302 792319 211
303 792530 193
304 792723 633
305 793356 197
306 793553 659
307 794212 646
308 794858 679
309 795537 669
310 796206 646
311 796852 673
312 797525 661
313 798186 661
314 798847 635
315 799482 205
316 799687 621
317 800308 625
318 800933 636
319 801569 644
320 802213 636
321 802849 659
322 803508 192
323 803700 601
324 804301 657
325 804958 642
326 805600 638
327 806238 659
328 806897 638
329 807535 221
330 807756 635
331 808391 666
332 809057 177
333 809234 659
334 809893 667
335 810560 178
336 810738 625
337 811363 190
338 811553 196
339 811749 190
340 811939 618
341 812557 629
342 813186 636
343 813822 644
344 814466 637
345 815103 640
346 815743 191
347 815934 601
348 816535 659
349 817194 178
350 817372 628
351 818000 639
352 818639 625
353 819264 659
354 819923 221
355 820144 632
356 820776 189
357 820965 642
358 821607 659
359 822266 216
360 822482 171
361 822653 190
362 822843 619
363 823462 637
364 824099 646
365 824745 638
366 825383 635
367 826018 191
368 826209 603
369 826812 657
370 827469 214
371 827683 623
372 828306 659
373 828965 283
374 829248 178
375 829426 642
376 830068 218
377 830286 707
378 830993 171
379 831164 658
380 831822 193
381 832015 193
382 832208 193
383 832401 193
384 832594 205
385 832799 199
386 832998 620
387 833618 190
388 833808 600
389 834408 220
390 834628 636
391 835264 622
392 835886 630
393 836516 637
394 837153 637
395 837790 633
396 838423 640
397 839063 625
398 839688 658
399 840346 658
400 841004 630
401 841634 630
402 842264 192
403 842456 172
404 842628 646
405 843274 199
406 843473 190
407 843663 620
408 844283 637
409 844920 646
410 845566 637
411 846203 634
412 846837 184
413 847021 600
414 847621 658
415 848279 640
416 848919 621
417 849540 658
418 850198 629
419 850827 211
420 851038 638
421 851676 178
422 851854 658
423 852512 176
424 852688 197
425 852885 183
426 853068 215
427 853283 620
428 853903 637
429 854540 648
430 855188 638
431 855826 658
432 856484 600
433 857084 230
434 857314 639
435 857953 201
436 858154 658
437 858812 681
438 859493 673
439 860166 630
440 860796 212
441 861008 646
442 861654 674
443 862328 649
444 862977 661
445 863638 665
446 864303 653
447 864956 668
448 865624 662
449 866286 666
450 866952 664
451 867616 640
452 868256 217
453 868473 633
454 869106 622
455 869728 631
456 870359 632
457 870991 647
458 871638 666
459 872304 178
460 872482 600
461 873082 626
462 873708 193
463 873901 198
464 874099 640
465 874739 624
466 875363 658
467 876021 627
468 876648 646
469 877294 239
470 877533 165
471 877698 229
472 877927 165
473 878092 618
474 878710 630
475 879340 637
476 879977 639
477 880616 641
478 881257 190
479 881447 658
480 882105 196
481 882301 204
482 882505 639
483 883144 658
484 883802 257
485 884059 183
486 884242 208
487 884450 178
488 884628 645
489 885273 658
490 885931 232
491 886163 616
492 886779 601
493 887380 192
494 887572 202
495 887774 639
496 888413 638
497 889051 215
498 889266 620
499 889886 632
500 890518 637
501 891155 647
502 891802 637
503 892439 659
504 893098 192
505 893290 640
506 893930 659
507 894589 689
508 895278 613
509 895891 201
510 896092 242
511 896334 220
512 896554 632
513 897186 647
514 897833 187
515 898020 189
516 898209 663
517 898872 692
518 899564 672
519 900236 651
520 900887 663
521 901550 662
522 902212 691
523 902903 627
524 903530 217
525 903747 633
526 904380 637
527 905017 619
528 905636 631
529 906267 637
530 906904 647
531 907551 635
532 908186 691
533 908877 191
534 909068 659
535 909727 192
536 909919 641
537 910560 622
538 911182 659
539 911841 241
540 912082 240
541 912322 635
542 912957 197
543 913154 659
544 913813 655
545 914468 217
546 914685 229
547 914914 223
548 915137 618
549 915755 632
550 916387 644
551 917031 641
552 917672 653
553 918325 197
554 918522 601
555 919123 649
556 919772 207
557 919979 621
558 920600 659
559 921259 207
560 921466 268
561 921734 212
562 921946 659
563 922605 602
564 923207 230
565 923437 661
566 924098 659
567 924757 186
568 924943 644
569 925587 621
570 926208 200
571 926408 639
572 927047 624
573 927671 626
574 928297 195
575 928492 201
576 928693 189
577 928882 234
578 929116 696
579 929812 657
580 930469 657
581 931126 659
582 931785 663
583 932448 661
584 933109 658
585 933767 221
586 933988 242
587 934230 206
588 934436 247
589 934683 246
590 934929 245
591 935174 239
592 935413 204
593 935617 231
594 935848 250
595 936098 225
596 936323 206
597 936529 212
598 936741 221
599 936962 241
600 937203 242
601 937445 246
602 937691 242
603 937933 206
604 938139 234
605 938373 248
606 938621 246
607 938867 221
608 939088 240
609 939328 245
610 939573 249
611 939822 225
612 940047 252
613 940299 247
614 940546 248
615 940794 240
616 941034 235
617 941269 212
618 941481 247
619 941728 215
620 941943 200
621 942143 4231
622 946374 3232
623 949606 4581
624 954187 2378
625 956565 2434
626 958999 666
627 959665 1383
628 961048 10089
629 971137 21768
630 992905 878
631 993783 3520
632 997303 3841
633 1001144 1429
634 1002573 1074
635 1003647 1219
636 1004866 917
637 1005783 10827
638 1016610 1362
639 1017972 17732
640 1035704 9480
641 1045184 2850
642 1048034 3977
643 1052011 1362
644 1053373 5962
645 1059335 1066
646 1060401 884
647 1061285 8172
648 1069457 3261
649 1072718 1848
650 1074566 536
651 1075102 2282
652 1077384 5940
653 1083324 1336
654 1084660 1246
655 1085906 1320
656 1087226 1110
657 1088336 5542
658 1093878 4370
659 1098248 8881
660 1107129 1612
661 1108741 6401
662 1115142 1256
663 1116398 2949
664 1119347 2662
665 1122009 1785
666 1123794 4116
667 1127910 12822
668 1140732 1480
669 1142212 3585
670 1145797 1370
671 1147167 1093
672 1148260 3964
673 1152224 12944
674 1165168 1589
675 1166757 1523
676 1168280 1458
677 1169738 2163
678 1171901 1769
679 1173670 1641
680 1175311 810
681 1176121 8133
682 1184254 1482
683 1185736 1088
684 1186824 2427
685 1189251 1170
686 1190421 1775
687 1192196 7556
688 1199752 2170
689 1201922 3996
690 1205918 1396
691 1207314 8336
692 1215650 6897
693 1222547 3645
694 1226192 2228
695 1228420 4731
696 1233151 1684
697 1234835 2714
698 1237549 1258
699 1238807 1114
700 1239921 989
701 1240910 2368
702 1243278 1161
703 1244439 1142
704 1245581 1366
705 1246947 1007
706 1247954 1958
707 1249912 2634
708 1252546 1284
709 1253830 2751
710 1256581 2827
711 1259408 3008
712 1262416 1071
713 1263487 3636
714 1267123 2554
715 1269677 4305
716 1273982 3341
717 1277323 3310
718 1280633 2338
719 1282971 2323
720 1285294 5816
721 1291110 6026
722 1297136 1629
723 1298765 3285
724 1302050 837
725 1302887 4048
726 1306935 1092
727 1308027 1546
728 1309573 2507
729 1312080 1390
730 1313470 2448
731 1315918 1872
732 1317790 962
733 1318752 1969
734 1320721 2235
735 1322956 3135
736 1326091 3208
737 1329299 528
738 1329827 821
739 1330648 1068
740 1331716 1873
741 1333589 735
742 1334324 2549
743 1336873 2297
744 1339170 2260
745 1341430 2531
746 1343961 4197
747 1348158 1801
748 1349959 4224
749 1354183 841
750 1355024 4250
751 1359274 915
752 1360189 3525
753 1363714 2406
754 1366120 2707
755 1368827 5964
756 1374791 8957
757 1383748 2055
758 1385803 7602
759 1393405 2743
760 1396148 19351
761 1415499 2759
762 1418258 2267
763 1420525 6602
764 1427127 4895
765 1432022 5361
766 1437383 6692
767 1444075 936
768 1445011 2965
769 1447976 3600
770 1451576 2556
771 1454132 3716
772 1457848 4702
773 1462550 9646
774 1472196 9653
775 1481849 11545
776 1493394 2169
777 1495563 4812
778 1500375 3034
779 1503409 1664
780 1505073 5802
781 1510875 2047
782 1512922 1939
783 1514861 8408
784 1523269 8811
785 1532080 2774
786 1534854 4509
787 1539363 3164
788 1542527 1960
789 1544487 10665
790 1555152 6298
791 1561450 4899
792 1566349 5322
793 1571671 1336
794 1573007 1872
795 1574879 3621
796 1578500 212
797 1578712 3720
798 1582432 2549
799 1584981 7704
800 1592685 7021
801 1599706 6504
802 1606210 8818
803 1615028 2829
804 1617857 1862
805 1619719 7079
806 1626798 3430
807 1630228 2669
808 1632897 1181
809 1634078 11655
810 1645733 10859
811 1656592 9920
812 1666512 6955
813 1673467 8955
814 1682422 2311
815 1684733 538
816 1685271 2793
817 1688064 641
818 1688705 6391
819 1695096 4318
820 1699414 2340
821 1701754 9211
822 1710965 6539
823 1717504 1580
824 1719084 7432
825 1726516 7702
826 1734218 4493
827 1738711 2958
828 1741669 6328
829 1747997 9272
830 1757269 2992
831 1760261 4404
832 1764665 3916
833 1768581 1734
834 1770315 6536
835 1776851 5493
836 1782344 5252
837 1787596 8048
838 1795644 1856
839 1797500 2838
840 1800338 3244
841 1803582 3747
842 1807329 4260
843 1811589 3617
844 1815206 14617
845 1829823 3064
846 1832887 4832
847 1837719 4115
848 1841834 2633
849 1844467 2736
850 1847203 3582
851 1850785 3480
852 1854265 19807
853 1874072 4010
854 1878082 1264
855 1879346 4184
856 1883530 3686
857 1887216 5359
858 1892575 4331
859 1896906 3805
860 1900711 4383
861 1905094 3080
862 1908174 1700
863 1909874 4315
864 1914189 3747
865 1917936 3189
866 1921125 4008
867 1925133 4170
868 1929303 3554
869 1932857 3654
870 1936511 3816
871 1940327 4015
872 1944342 3482
873 1947824 4321
874 1952145 10522
875 1962667 3774
876 1966441 4730
877 1971171 3514
878 1974685 4032
879 1978717 4787
880 1983504 4196
881 1987700 3962
882 1991662 3489
883 1995151 2856
884 1998007 3101
885 2001108 3143
886 2004251 4072
887 2008323 19367
888 2027690 4365
889 2032055 3418
890 2035473 1564
891 2037037 3464
892 2040501 3526
893 2044027 19552
894 2063579 4684
895 2068263 1521
896 2069784 4859
897 2074643 4157
898 2078800 3353
899 2082153 1237
900 2083390 3464
901 2086854 5456
902 2092310 3786
903 2096096 5076
904 2101172 3182
905 2104354 3300
906 2107654 3649
907 2111303 3741
908 2115044 3491
909 2118535 2747
910 2121282 3249
911 2124531 3657
912 2128188 3206
913 2131394 3561
914 2134955 18950
915 2153905 4527
916 2158432 3792
917 2162224 3632
918 2165856 1605
919 2167461 4340
920 2171801 1249
921 2173050 943
922 2173993 2971
923 2176964 4082
924 2181046 3560
925 2184606 2859
926 2187465 3539
927 2191004 2623
928 2193627 1120
929 2194747 4233
930 2198980 19825
931 2218805 3838
932 2222643 4833
933 2227476 3340
934 2230816 4826
935 2235642 3326
936 2238968 3286
937 2242254 3658
938 2245912 3149
939 2249061 5182
940 2254243 5573
941 2259816 4707
942 2264523 5544
943 2270067 1886
944 2271953 3890
945 2275843 6088
946 2281931 2471
947 2284402 4443
948 2288845 980
949 2289825 797
950 2290622 4181
951 2294803 2678
952 2297481 2967
953 2300448 1954
954 2302402 2327
955 2304729 2745
956 2307474 2313
957 2309787 1300
958 2311087 4708
959 2315795 4589
960 2320384 3586
961 2323970 4113
962 2328083 4512
963 2332595 2782
964 2335377 3830
965 2339207 2317
966 2341524 1748
967 2343272 2306
968 2345578 20507
969 2366085 3319
970 2369404 4091
971 2373495 1926
972 2375421 8741
973 2384162 2685
974 2386847 5324
975 2392171 5356
976 2397527 3696
977 2401223 4177
978 2405400 5939
979 2411339 3036
980 2414375 5469
981 2419844 1745
982 2421589 2628
983 2424217 5039
984 2429256 4796
985 2434052 3319
986 2437371 5427
987 2442798 5498
988 2448296 4285
989 2452581 2545
990 2455126 4419
991 2459545 7407
992 2466952 192
993 2467144 4738
994 2471882 177
995 2472059 909
996 2472968 800
997 2473768 2241
998 2476009 1786
999 2477795 944
1000 2478739 1847
1001 2480586 12145
1002 2492731 4443
1003 2497174 1889
1004 2499063 6896
1005 2505959 9989
1006 2515948 1124
1007 2517072 9953
1008 2527025 3388
1009 2530413 1410
1010 2531823 3524
1011 2535347 5374
1012 2540721 4674
1013 2545395 5549
1014 2550944 3464
1015 2554408 1743
1016 2556151 789
1017 2556940 2587
1018 2559527 3948
1019 2563475 3536
1020 2567011 5264
1021 2572275 1322
1022 2573597 9381
1023 2582978 3296
1024 2586274 602
1025 2586876 1555
1026 2588431 3327
1027 2591758 1889
1028 2593647 3284
1029 2596931 5120
1030 2602051 2139
1031 2604190 5839
1032 2610029 2309
1033 2612338 4224
1034 2616562 4925
1035 2621487 8089
1036 2629576 11553
1037 2641129 2051
1038 2643180 3611
1039 2646791 5173
1040 2651964 5338
1041 2657302 5166
1042 2662468 6344
1043 2668812 1037
1044 2669849 7202
1045 2677051 2947
1046 2679998 9539
1047 2689537 4223
1048 2693760 6428
1049 2700188 2889
1050 2703077 1598
1051 2704675 2925
1052 2707600 3405
1053 2711005 1776
1054 2712781 5558
1055 2718339 9076
1056 2727415 191
1057 2727606 2297
1058 2729903 8424
1059 2738327 6802
1060 2745129 6464
1061 2751593 3693
1062 2755286 3386
1063 2758672 2892
1064 2761564 3418
1065 2764982 474
1066 2765456 2172
1067 2767628 3930
1068 2771558 3619
1069 2775177 2914
1070 2778091 3583
1071 2781674 2700
1072 2784374 6565
1073 2790939 9426
1074 2800365 8443
1075 2808808 10530
1076 2819338 9697
1077 2829035 10279
1078 2839314 5477
1079 2844791 7496
1080 2852287 3993
1081 2856280 2374
1082 2858654 1561
1083 2860215 1666
1084 2861881 3155
1085 2865036 3517
1086 2868553 7603
1087 2876156 6345
1088 2882501 5940
1089 2888441 3576
1090 2892017 4597
1091 2896614 11607
1092 2908221 5155
1093 2913376 6644
1094 2920020 4809
1095 2924829 1074
1096 2925903 4170
1097 2930073 3661
1098 2933734 3446
1099 2937180 4315
1100 2941495 4908
1101 2946403 4561
1102 2950964 7989
1103 2958953 2249
1104 2961202 4381
1105 2965583 4793
1106 2970376 2147
1107 2972523 1497
1108 2974020 3317
1109 2977337 4599
1110 2981936 4138
1111 2986074 6239
1112 2992313 8581
1113 3000894 1857
1114 3002751 5784
1115 3008535 7278
1116 3015813 1289
1117 3017102 3424
1118 3020526 4111
1119 3024637 1630
1120 3026267 7298
1121 3033565 2758
1122 3036323 10143
1123 3046466 4296
1124 3050762 5808
1125 3056570 818
1126 3057388 3760
1127 3061148 1965
1128 3063113 1571
1129 3064684 2017
1130 3066701 3762
1131 3070463 952
1132 3071415 1217
1133 3072632 1936
1134 3074568 1448
1135 3076016 3821
1136 3079837 5728
1137 3085565 2250
1138 3087815 2912
1139 3090727 1514
1140 3092241 5760
1141 3098001 2668
1142 3100669 1297
1143 3101966 1275
1144 3103241 1344
1145 3104585 7965
1146 3112550 1722
1147 3114272 2840
1148 3117112 1252
1149 3118364 1440
1150 3119804 5134
1151 3124938 3051
1152 3127989 1306
1153 3129295 2798
1154 3132093 1453
1155 3133546 939
1156 3134485 2785
1157 3137270 1504
1158 3138774 917
1159 3139691 3010
1160 3142701 1232
1161 3143933 8789
1162 3152722 2618
1163 3155340 1634
1164 3156974 2244
1165 3159218 2000
1166 3161218 6263
1167 3167481 2088
1168 3169569 1576
1169 3171145 3157
1170 3174302 4069
1171 3178371 2693
1172 3181064 2892
1173 3183956 1046
1174 3185002 1428
1175 3186430 5515
1176 3191945 1656
1177 3193601 3628
1178 3197229 2090
1179 3199319 5818
1180 3205137 6790
1181 3211927 1230
1182 3213157 1529
1183 3214686 366
1184 3215052 2208
1185 3217260 1751
1186 3219011 2955
1187 3221966 1229
1188 3223195 1969
1189 3225164 931
1190 3226095 1877
1191 3227972 2976
1192 3230948 6895
1193 3237843 2670
1194 3240513 1572
1195 3242085 1777
1196 3243862 1714
1197 3245576 969
1198 3246545 8968
1199 3255513 5619
1200 3261132 5677
1201 3266809 5494
1202 3272303 6751
1203 3279054 2082
1204 3281136 19465
1205 3300601 7689
1206 3308290 1828
1207 3310118 1246
1208 3311364 3044
1209 3314408 1866
1210 3316274 2701
1211 3318975 4183
1212 3323158 1421
1213 3324579 603
1214 3325182 6580
1215 3331762 2424
1216 3334186 1837
1217 3336023 3355
1218 3339378 1897
1219 3341275 13767
1220 3355042 550
1221 3355592 1648
1222 3357240 2376
1223 3359616 2840
1224 3362456 2692
1225 3365148 2760
1226 3367908 1932
1227 3369840 2451
1228 3372291 7177
1229 3379468 1569
1230 3381037 1160
1231 3382197 1152
1232 3383349 1160
1233 3384509 1160
1234 3385669 1160
1235 3386829 1160
1236 3387989 1160
1237 3389149 1135
1238 3390284 8095
1239 3398379 5561
1240 3403940 1335
1241 3405275 4770
1242 3410045 6800
1243 3416845 8201
1244 3425046 5505
1245 3430551 8871
1246 3439422 6031
1247 3445453 2075
1248 3447528 4470
1249 3451998 1957
1250 3453955 2415
1251 3456370 2936
1252 3459306 2170
1253 3461476 3027
1254 3464503 3783
1255 3468286 2609
1256 3470895 1527
1257 3472422 3422
1258 3475844 1669
1259 3477513 6387
1260 3483900 2481
1261 3486381 2168
1262 3488549 5087
1263 3493636 8583
1264 3502219 5205
1265 3507424 1103
1266 3508527 1315
1267 3509842 1478
1268 3511320 2481
1269 3513801 2377
1270 3516178 1835
1271 3518013 3518
1272 3521531 2435
1273 3523966 3942
1274 3527908 3770
1275 3531678 452
1276 3532130 13402
1277 3545532 9619
1278 3555151 2477
1279 3557628 2099
1280 3559727 2447
1281 3562174 2671
1282 3564845 6398
1283 3571243 8013
1284 3579256 5245
1285 3584501 5963
1286 3590464 4575
1287 3595039 2499
1288 3597538 7430
1289 3604968 8527
1290 3613495 5421
1291 3618916 659
1292 3619575 2810
1293 3622385 3261
1294 3625646 1150
1295 3626796 1793
1296 3628589 1936
1297 3630525 652
1298 3631177 493
1299 3631670 616
1300 3632286 2588
1301 3634874 2530
1302 3637404 1933
1303 3639337 5785
1304 3645122 2048
1305 3647170 3836
1306 3651006 8149
1307 3659155 4203
1308 3663358 2399
1309 3665757 1589
1310 3667346 3024
1311 3670370 1791
1312 3672161 8322
1313 3680483 1711
1314 3682194 5009
1315 3687203 6554
1316 3693757 4731
1317 3698488 4249
1318 3702737 3617
1319 3706354 3064
1320 3709418 4115
1321 3713533 4050
1322 3717583 38582
1323 3756165 17886
1324 3774051 5305
1325 3779356 2783
1326 3782139 10555
1327 3792694 3797
1328 3796491 5422
1329 3801913 4840
1330 3806753 5260
1331 3812013 6740
1332 3818753 6499
1333 3825252 4693
1334 3829945 4164
1335 3834109 8967
1336 3843076 8419
1337 3851495 5497
1338 3856992 4286
1339 3861278 7458
1340 3868736 7919
1341 3876655 5662
1342 3882317 5372
1343 3887689 4479
1344 3892168 4974
1345 3897142 4332
1346 3901474 4384
1347 3905858 5360
1348 3911218 1271
1349 3912489 4023
1350 3916512 19886
1351 3936398 3723
1352 3940121 6347
1353 3946468 4692
1354 3951160 2828
1355 3953988 3495
1356 3957483 3928
1357 3961411 3482
1358 3964893 4291
1359 3969184 11930
1360 3981114 4258
1361 3985372 8233
1362 3993605 7877
1363 4001482 8017
1364 4009499 7324
1365 4016823 1643
1366 4018466 5266
1367 4023732 16463
1368 4040195 4622
1369 4044817 9463
1370 4054280 5323
1371 4059603 4211
1372 4063814 4800
1373 4068614 4045
1374 4072659 10523
1375 4083182 5569
1376 4088751 4127
1377 4092878 3177
1378 4096055 3760
1379 4099815 3935
1380 4103750 3327
1381 4107077 3432
1382 4110509 18445
1383 4128954 4822
1384 4133776 5378
1385 4139154 3413
1386 4142567 11489
1387 4154056 7891
1388 4161947 19553
1389 4181500 5469
1390 4186969 1244
1391 4188213 2141
1392 4190354 2885
1393 4193239 3680
1394 4196919 19368
1395 4216287 19791
1396 4236078 4366
1397 4240444 4312
1398 4244756 3536
1399 4248292 12579
1400 4260871 6799
1401 4267670 25801
1402 4293471 11242
1403 4304713 7109
1404 4311822 1565
1405 4313387 5962
1406 4319349 6366
1407 4325715 23605
1408 4349320 1581
1409 4350901 2824
1410 4353725 677
1411 4354402 668
1412 4355070 691
1413 4355761 672
1414 4356433 711
1415 4357144 689
1416 4357833 646
1417 4358479 641
1418 4359120 664
1419 4359784 649
1420 4360433 727
1421 4361160 695
1422 4361855 673
1423 4362528 641
1424 4363169 684
1425 4363853 637
1426 4364490 669
1427 4365159 654
1428 4365813 642
1429 4366455 662
1430 4367117 655
1431 4367772 665
1432 4368437 659
1433 4369096 677
1434 4369773 711
1435 4370484 661
1436 4371145 694
1437 4371839 674
1438 4372513 670
1439 4373183 689
1440 4373872 671
1441 4374543 677
1442 4375220 709
1443 4375929 664
1444 4376593 697
1445 4377290 706
1446 4377996 683
1447 4378679 707
1448 4379386 668
1449 4380054 684
1450 4380738 716
1451 4381454 696
1452 4382150 672
1453 4382822 647
1454 4383469 680
1455 4384149 660
1456 4384809 670
1457 4385479 647
1458 4386126 674
1459 4386800 662
1460 4387462 660
1461 4388122 662
1462 4388784 656
1463 4389440 668
1464 4390108 710
1465 4390818 666
1466 4391484 696
1467 4392180 676
1468 4392856 641
1469 4393497 679
1470 4394176 672
1471 4394848 692
1472 4395540 674
1473 4396214 711
1474 4396925 646
1475 4397571 665
1476 4398236 697
1477 4398933 672
1478 4399605 679
1479 4400284 671
1480 4400955 674
1481 4401629 692
1482 4402321 711
1483 4403032 665
1484 4403697 695
1485 4404392 660
1486 4405052 723
1487 4405775 677
1488 4406452 652
1489 4407104 681
1490 4407785 664
1491 4408449 675
1492 4409124 663
1493 4409787 650
1494 4410437 663
1495 4411100 658
1496 4411758 675
1497 4412433 659
1498 4413092 713
1499 4413805 686
1500 4414491 667
1501 4415158 696
1502 4415854 664
1503 4416518 667
1504 4417185 672
1505 4417857 670
1506 4418527 692
1507 4419219 673
1508 4419892 710
1509 4420602 666
1510 4421268 697
1511 4421965 705
1512 4422670 672
1513 4423342 648
1514 4423990 674
1515 4424664 672
1516 4425336 691
1517 4426027 679
1518 4426706 711
1519 4427417 666
1520 4428083 670
1521 4428753 664
1522 4429417 721
1523 4430138 696
1524 4430834 663
1525 4431497 675
1526 4432172 675
1527 4432847 650
1528 4433497 667
1529 4434164 662
1530 4434826 666
1531 4435492 654
1532 4436146 669
1533 4436815 663
1534 4437478 667
1535 4438145 665
1536 4438810 682
1537 4439492 711
1538 4440203 636
1539 4440839 694
1540 4441533 666
1541 4442199 672
1542 4442871 707
1543 4443578 693
1544 4444271 676
1545 4444947 671
1546 4445618 708
1547 4446326 666
1548 4446992 722
1549 4447714 646
1550 4448360 655
1551 4449015 694
1552 4449709 675
1553 4450384 674
1554 4451058 682
1555 4451740 711
1556 4452451 673
1557 4453124 691
1558 4453815 703
1559 4454518 670
1560 4455188 680
1561 4455868 667
1562 4456535 718
1563 4457253 722
1564 4457975 670
1565 4458645 696
1566 4459341 667
1567 4460008 656
1568 4460664 664
1569 4461328 693
1570 4462021 650
1571 4462671 652
1572 4463323 663
1573 4463986 692
1574 4464678 682
1575 4465360 703
1576 4466063 665
1577 4466728 706
1578 4467434 695
1579 4468129 669
1580 4468798 694
1581 4469492 686
1582 4470178 698
1583 4470876 682
1584 4471558 681
1585 4472239 706
1586 4472945 662
1587 4473607 208
1588 4473815 191
1589 4474006 695
1590 4474701 678
1591 4475379 706
1592 4476085 714
1593 4476799 667
1594 4477466 672
1595 4478138 695
1596 4478833 659
1597 4479492 665
1598 4480157 660
1599 4480817 659
1600 4481476 701
1601 4482177 672
1602 4482849 641
1603 4483490 664
1604 4484154 649
1605 4484803 662
1606 4485465 659
1607 4486124 657
1608 4486781 666
1609 4487447 707
1610 4488154 696
1611 4488850 662
1612 4489512 693
1613 4490205 695
1614 4490900 668
1615 4491568 680
1616 4492248 665
1617 4492913 678
1618 4493591 702
1619 4494293 662
1620 4494955 655
1621 4495610 695
1622 4496305 665
1623 4496970 680
1624 4497650 657
1625 4498307 702
1626 4499009 666
1627 4499675 683
1628 4500358 668
1629 4501026 678
1630 4501704 711
1631 4502415 722
1632 4503137 664
1633 4503801 693
1634 4504494 667
1635 4505161 687
1636 4505848 652
1637 4506500 655
1638 4507155 673
1639 4507828 687
1640 4508515 651
1641 4509166 701
1642 4509867 685
1643 4510552 664
1644 4511216 660
1645 4511876 666
1646 4512542 701
1647 4513243 688
1648 4513931 666
1649 4514597 667
1650 4515264 663
1651 4515927 694
1652 4516621 660
1653 4517281 652
1654 4517933 704
1655 4518637 671
1656 4519308 664
1657 4519972 689
1658 4520661 679
1659 4521340 657
1660 4521997 734
1661 4522731 694
1662 4523425 666
1663 4524091 713
1664 4524804 705
1665 4525509 724
1666 4526233 698
1667 4526931 693
1668 4527624 694
1669 4528318 711
1670 4529029 696
1671 4529725 704
1672 4530429 646
1673 4531075 657
1674 4531732 694
1675 4532426 667
1676 4533093 704
1677 4533797 667
1678 4534464 689
1679 4535153 668
1680 4535821 655
1681 4536476 681
1682 4537157 705
1683 4537862 670
1684 4538532 676
1685 4539208 658
1686 4539866 742
1687 4540608 694
1688 4541302 645
1689 4541947 658
1690 4542605 665
1691 4543270 639
1692 4543909 685
1693 4544594 633
1694 4545227 643
1695 4545870 667
1696 4546537 646
1697 4547183 682
1698 4547865 706
1699 4548571 657
1700 4549228 694
1701 4549922 218
1702 4550140 680
1703 4550820 704
1704 4551524 687
1705 4552211 670
1706 4552881 694
1707 4553575 671
1708 4554246 681
1709 4554927 657
1710 4555584 696
1711 4556280 657
1712 4556937 694
1713 4557631 724
1714 4558355 646
1715 4559001 660
1716 4559661 655
1717 4560316 656
1718 4560972 656
1719 4561628 654
1720 4562282 665
1721 4562947 703
1722 4563650 667
1723 4564317 692
1724 4565009 647
1725 4565656 675
1726 4566331 661
1727 4566992 725
1728 4567717 703
1729 4568420 696
1730 4569116 702
1731 4569818 667
1732 4570485 669
1733 4571154 661
1734 4571815 684
1735 4572499 655
1736 4573154 669
1737 4573823 667
1738 4574490 695
1739 4575185 664
1740 4575849 687
1741 4576536 705
1742 4577241 702
1743 4577943 680
1744 4578623 672
1745 4579295 682
1746 4579977 667
1747 4580644 695
1748 4581339 669
1749 4582008 677
1750 4582685 662
1751 4583347 654
1752 4584001 649
1753 4584650 658
1754 4585308 642
1755 4585950 658
1756 4586608 675
1757 4587283 658
1758 4587941 654
1759 4588595 703
1760 4589298 686
1761 4589984 666
1762 4590650 702
1763 4591352 694
1764 4592046 668
1765 4592714 704
1766 4593418 671
1767 4594089 699
1768 4594788 685
1769 4595473 666
1770 4596139 694
1771 4596833 691
1772 4597524 667
1773 4598191 704
1774 4598895 681
1775 4599576 693
1776 4600269 648
1777 4600917 653
1778 4601570 645
1779 4602215 705
1780 4602920 699
1781 4603619 674
1782 4604293 684
1783 4604977 666
1784 4605643 672
1785 4606315 661
1786 4606976 648
1787 4607624 651
1788 4608275 636
1789 4608911 664
1790 4609575 705
1791 4610280 690
1792 4610970 673
1793 4611643 652
1794 4612295 666
1795 4612961 667
1796 4613628 645
1797 4614273 649
1798 4614922 705
1799 4615627 668
1800 4616295 699
1801 4616994 666
1802 4617660 681
1803 4618341 659
1804 4619000 639
1805 4619639 695
1806 4620334 705
1807 4621039 695
1808 4621734 667
1809 4622401 698
1810 4623099 667
1811 4623766 675
1812 4624441 659
1813 4625100 695
1814 4625795 647
1815 4626442 655
1816 4627097 674
1817 4627771 677
1818 4628448 650
1819 4629098 648
1820 4629746 676
1821 4630422 649
1822 4631071 647
1823 4631718 705
1824 4632423 639
1825 4633062 681
1826 4633743 718
1827 4634461 677
1828 4635138 652
1829 4635790 657
1830 4636447 659
1831 4637106 641
1832 4637747 650
1833 4638397 666
1834 4639063 633
1835 4639696 662
1836 4640358 3702
1837 4644060 1499
1838 4645559 2696
1839 4648255 2105
1840 4650360 3120
1841 4653480 1614
1842 4655094 3515
1843 4658609 3402
1844 4662011 1377
1845 4663388 7927
1846 4671315 8211
1847 4679526 8648
1848 4688174 5697
1849 4693871 7430
1850 4701301 7093
1851 4708394 1806
1852 4710200 9047
1853 4719247 3875
1854 4723122 4604
1855 4727726 2738
1856 4730464 2408
1857 4732872 3872
1858 4736744 4820
1859 4741564 4273
1860 4745837 3258
1861 4749095 7063
1862 4756158 8586
1863 4764744 8499
1864 4773243 2807
1865 4776050 4200
1866 4780250 8347
1867 4788597 2423
1868 4791020 6652
1869 4797672 2909
1870 4800581 3063
1871 4803644 7573
1872 4811217 1050
1873 4812267 1803
1874 4814070 8037
1875 4822107 6951
1876 4829058 4071
1877 4833129 1041
1878 4834170 9589
1879 4843759 9640
1880 4853399 2715
1881 4856114 3803
1882 4859917 5700
1883 4865617 14792
1884 4880409 3054
1885 4883463 4465
1886 4887928 7901
1887 4895829 6508
1888 4902337 2516
1889 4904853 3875
1890 4908728 3810
1891 4912538 1868
1892 4914406 3395
1893 4917801 5087
1894 4922888 2249
1895 4925137 1115
1896 4926252 1372
1897 4927624 4004
1898 4931628 999
1899 4932627 3495
1900 4936122 3309
1901 4939431 3684
1902 4943115 3285
1903 4946400 2473
1904 4948873 995
1905 4949868 1270
1906 4951138 8075
1907 4959213 7021
1908 4966234 4492
1909 4970726 7306
1910 4978032 1004
1911 4979036 3338
1912 4982374 9079
1913 4991453 2156
1914 4993609 6304
1915 4999913 6295
1916 5006208 1151
1917 5007359 839
1918 5008198 6809
1919 5015007 3590
1920 5018597 2689
1921 5021286 1032
1922 5022318 1984
1923 5024302 3149
1924 5027451 2466
1925 5029917 7802
1926 5037719 2679
1927 5040398 2030
1928 5042428 6233
1929 5048661 4261
1930 5052922 4381
1931 5057303 3850
1932 5061153 6903
1933 5068056 3620
1934 5071676 3300
1935 5074976 4640
1936 5079616 5282
1937 5084898 4459
1938 5089357 3435
1939 5092792 4137
1940 5096929 1155
1941 5098084 7963
1942 5106047 4587
1943 5110634 4405
1944 5115039 4390
1945 5119429 4102
1946 5123531 5580
1947 5129111 7814
1948 5136925 2362
1949 5139287 2143
1950 5141430 2966
1951 5144396 2960
1952 5147356 4630
1953 5151986 5445
1954 5157431 3184
1955 5160615 4104
1956 5164719 5476
1957 5170195 4698
1958 5174893 5134
1959 5180027 2506
1960 5182533 2744
1961 5185277 8278
1962 5193555 1244
1963 5194799 786
1964 5195585 219
1965 5195804 4164
1966 5199968 3360
1967 5203328 1560
1968 5204888 9965
1969 5214853 3084
1970 5217937 8771
1971 5226708 3979
1972 5230687 5261
1973 5235948 4948
1974 5240896 8600
1975 5249496 4813
1976 5254309 3936
1977 5258245 537
1978 5258782 4702
1979 5263484 4410
1980 5267894 3830
1981 5271724 5841
1982 5277565 6485
1983 5284050 2589
1984 5286639 3376
1985 5290015 983
1986 5290998 22927
1987 5313925 18597
1988 5332522 2599
1989 5335121 8493
1990 5343614 1662
1991 5345276 2410
1992 5347686 7152
1993 5354838 3355
1994 5358193 11030
1995 5369223 2891
1996 5372114 3527
1997 5375641 4852
1998 5380493 6919
1999 5387412 6208
2000 5393620 1090
2001 5394710 2801
2002 5397511 3462
2003 5400973 1062
2004 5402035 2453
2005 5404488 1569
2006 5406057 6360
2007 5412417 13641
2008 5426058 2113
2009 5428171 12969
2010 5441140 6486
2011 5447626 2894
2012 5450520 5048
2013 5455568 1979
2014 5457547 9061
2015 5466608 6580
2016 5473188 2496
2017 5475684 6462
2018 5482146 1491
2019 5483637 3276
2020 5486913 1215
2021 5488128 1791
2022 5489919 4568
2023 5494487 1094
2024 5495581 4235
2025 5499816 1838
2026 5501654 2160
2027 5503814 224
2028 5504038 4970
2029 5509008 2644
2030 5511652 2614
2031 5514266 374
2032 5514640 1540
2033 5516180 1513
2034 5517693 2202
2035 5519895 1506
2036 5521401 1094
2037 5522495 2680
2038 5525175 1028
2039 5526203 342
2040 5526545 4590
2041 5531135 1297
2042 5532432 906
2043 5533338 3931
2044 5537269 1353
2045 5538622 3141
2046 5541763 2636
2047 5544399 549
2048 5544948 1302
2049 5546250 1251
2050 5547501 2511
2051 5550012 1210
2052 5551222 8162
2053 5559384 603
2054 5559987 1348
2055 5561335 7428
2056 5568763 3881
2057 5572644 3728
2058 5576372 3480
2059 5579852 7022
2060 5586874 4935
2061 5591809 1673
2062 5593482 1607
2063 5595089 2050
2064 5597139 1355
2065 5598494 519
2066 5599013 1368
2067 5600381 4505
2068 5604886 1551
2069 5606437 11571
2070 5618008 2066
2071 5620074 931
2072 5621005 1072
2073 5622077 1837
2074 5623914 728
2075 5624642 11584
2076 5636226 1795
2077 5638021 2977
2078 5640998 3758
2079 5644756 2222
2080 5646978 1241
2081 5648219 4775
2082 5652994 323
2083 5653317 7068
2084 5660385 1055
2085 5661440 1794
2086 5663234 2579
2087 5665813 1497
2088 5667310 1258
2089 5668568 6692
2090 5675260 3552
2091 5678812 1019
2092 5679831 3547
2093 5683378 1665
2094 5685043 3008
2095 5688051 1332
2096 5689383 521
2097 5689904 788
2098 5690692 4849
2099 5695541 1246
2100 5696787 6459
2101 5703246 2704
2102 5705950 456
2103 5706406 4255
2104 5710661 533
2105 5711194 1499
2106 5712693 2138
2107 5714831 2808
2108 5717639 3188
2109 5720827 1388
2110 5722215 1546
2111 5723761 1148
2112 5724909 2362
2113 5727271 603
2114 5727874 2012
2115 5729886 3132
2116 5733018 6335
2117 5739353 999
2118 5740352 6656
2119 5747008 953
2120 5747961 1163
2121 5749124 804
2122 5749928 6328
2123 5756256 2860
2124 5759116 5094
2125 5764210 9085
2126 5773295 7370
2127 5780665 1847
2128 5782512 5506
2129 5788018 3616
2130 5791634 1525
2131 5793159 657
2132 5793816 3300
2133 5797116 9186
2134 5806302 2233
2135 5808535 5730
2136 5814265 1316
2137 5815581 4428
2138 5820009 708
2139 5820717 2569
2140 5823286 1554
2141 5824840 1151
2142 5825991 2533
2143 5828524 4377
2144 5832901 2942
2145 5835843 5881
2146 5841724 4480
2147 5846204 2777
2148 5848981 2083
2149 5851064 1085
2150 5852149 823
2151 5852972 2654
2152 5855626 5798
2153 5861424 963
2154 5862387 1823
2155 5864210 1750
2156 5865960 7488
2157 5873448 1222
2158 5874670 2242
2159 5876912 2447
2160 5879359 598
2161 5879957 5019
2162 5884976 6137
2163 5891113 11639
2164 5902752 1233
2165 5903985 2358
2166 5906343 1045
2167 5907388 1280
2168 5908668 2198
2169 5910866 2836
2170 5913702 5202
2171 5918904 2456
2172 5921360 3038
2173 5924398 20095
2174 5944493 2864
2175 5947357 1628
2176 5948985 2262
2177 5951247 1476
2178 5952723 7366
2179 5960089 4618
2180 5964707 12606
2181 5977313 2428
2182 5979741 1838
2183 5981579 1461
2184 5983040 1394
2185 5984434 3896
2186 5988330 1119
2187 5989449 1146
2188 5990595 1352
2189 5991947 2401
2190 5994348 1975
2191 5996323 2376
2192 5998699 3481
2193 6002180 215
2194 6002395 986
2195 6003381 5225
2196 6008606 6585
2197 6015191 4449
2198 6019640 3714
2199 6023354 30938
2200 6054292 5302
2201 6059594 1980
2202 6061574 1241
2203 6062815 2577
2204 6065392 5121
2205 6070513 9806
2206 6080319 1667
2207 6081986 756
2208 6082742 741
2209 6083483 2935
2210 6086418 1885
2211 6088303 2326
2212 6090629 3197
2213 6093826 2907
2214 6096733 2970
2215 6099703 3022
2216 6102725 2452
2217 6105177 2552
2218 6107729 868
2219 6108597 1610
2220 6110207 5844
2221 6116051 2592
2222 6118643 1302
2223 6119945 2059
2224 6122004 1594
2225 6123598 2912
2226 6126510 5817
2227 6132327 1209
2228 6133536 2836
2229 6136372 1858
2230 6138230 1251
2231 6139481 1135
2232 6140616 1792
2233 6142408 6006
2234 6148414 1816
2235 6150230 3454
2236 6153684 1609
2237 6155293 627
2238 6155920 2718
2239 6158638 913
2240 6159551 5775
2241 6165326 5225
2242 6170551 1627
2243 6172178 778
2244 6172956 807
2245 6173763 2499
2246 6176262 5814
2247 6182076 3753
2248 6185829 3729
2249 6189558 3687
2250 6193245 3782
2251 6197027 3836
2252 6200863 3864
2253 6204727 4068
2254 6208795 3885
2255 6212680 3810
2256 6216490 3834
2257 6220324 3852
2258 6224176 3771
2259 6227947 3810
2260 6231757 3828
2261 6235585 3824
2262 6239409 3871
2263 6243280 3710
2264 6246990 643
2265 6247633 5834
2266 6253467 699
2267 6254166 2819
2268 6256985 2882
2269 6259867 1107
2270 6260974 1290
2271 6262264 7595
2272 6269859 1499
2273 6271358 2311
2274 6273669 2111
2275 6275780 1472
2276 6277252 998
2277 6278250 1717
2278 6279967 2637
2279 6282604 1924
2280 6284528 17055
2281 6301583 1561
2282 6303144 4862
2283 6308006 2123
2284 6310129 2834
2285 6312963 6294
2286 6319257 548
2287 6319805 4048
2288 6323853 2056
2289 6325909 1227
2290 6327136 4673
2291 6331809 868
2292 6332677 2132
2293 6334809 1910
2294 6336719 4197
2295 6340916 4710
2296 6345626 9252
2297 6354878 4145
2298 6359023 2721
2299 6361744 859
2300 6362603 824
2301 6363427 923
2302 6364350 1067
2303 6365417 4335
2304 6369752 5479
2305 6375231 3035
2306 6378266 2767
2307 6381033 3760
2308 6384793 2142
2309 6386935 4026
2310 6390961 13157
2311 6404118 2533
2312 6406651 1937
2313 6408588 3641
2314 6412229 3884
2315 6416113 3894
2316 6420007 1915
2317 6421922 5457
2318 6427379 6895
2319 6434274 2527
2320 6436801 4601
2321 6441402 6995
2322 6448397 1522
2323 6449919 2503
2324 6452422 2692
2325 6455114 833
2326 6455947 5380
2327 6461327 288
2328 6461615 857
2329 6462472 3596
2330 6466068 5945
2331 6472013 1257
2332 6473270 1404
2333 6474674 3706
2334 6478380 4602
2335 6482982 2406
2336 6485388 2222
2337 6487610 3796
2338 6491406 4080
2339 6495486 948
2340 6496434 2957
2341 6499391 1159
2342 6500550 1803
2343 6502353 2022
2344 6504375 3146
2345 6507521 7163
2346 6514684 8632
2347 6523316 3986
2348 6527302 4017
2349 6531319 4647
2350 6535966 3923
2351 6539889 4650
2352 6544539 1177
2353 6545716 4236
2354 6549952 2728
2355 6552680 1736
2356 6554416 1098
2357 6555514 4060
2358 6559574 3896
2359 6563470 2910
2360 6566380 1310
2361 6567690 3186
2362 6570876 7711
2363 6578587 19094
2364 6597681 2217
2365 6599898 3805
2366 6603703 1667
2367 6605370 4273
2368 6609643 5141
2369 6614784 8874
2370 6623658 3164
2371 6626822 13397
2372 6640219 3765
2373 6643984 205
2374 6644189 6395
2375 6650584 5788
2376 6656372 2187
2377 6658559 4995
2378 6663554 1234
2379 6664788 3884
2380 6668672 6385
2381 6675057 1685
2382 6676742 3460
2383 6680202 2826
2384 6683028 6313
2385 6689341 5416
2386 6694757 1827
2387 6696584 6775
2388 6703359 3694
2389 6707053 10455
2390 6717508 7001
2391 6724509 4583
2392 6729092 3545
2393 6732637 6473
2394 6739110 9659
2395 6748769 1613
2396 6750382 2798
2397 6753180 2421
2398 6755601 4580
2399 6760181 8734
2400 6768915 1606
2401 6770521 7413
2402 6777934 1306
2403 6779240 1084
2404 6780324 11275
2405 6791599 16015
2406 6807614 8454
2407 6816068 7389
2408 6823457 19513
2409 6842970 13563
2410 6856533 5491
2411 6862024 499
2412 6862523 839
2413 6863362 3203
2414 6866565 7349
2415 6873914 546
2416 6874460 1544
2417 6876004 3466
2418 6879470 2110
2419 6881580 9176
2420 6890756 8030
2421 6898786 8573
2422 6907359 4698
2423 6912057 2696
2424 6914753 4090
2425 6918843 5087
2426 6923930 7159
2427 6931089 3414
2428 6934503 2841
2429 6937344 686
2430 6938030 1059
2431 6939089 1647
2432 6940736 6685
2433 6947421 1355
2434 6948776 11458
2435 6960234 6355
2436 6966589 4446
2437 6971035 25813
2438 6996848 3757
2439 7000605 5150
2440 7005755 8413
2441 7014168 9780
2442 7023948 4640
2443 7028588 6380
2444 7034968 9606
2445 7044574 12854
2446 7057428 4699
2447 7062127 10967
2448 7073094 6281
2449 7079375 5118
2450 7084493 1764
2451 7086257 3823
2452 7090080 4774
2453 7094854 3717
2454 7098571 10725
2455 7109296 9923
2456 7119219 6857
2457 7126076 6118
2458 7132194 6596
2459 7138790 5814
2460 7144604 4107
2461 7148711 3916
2462 7152627 3512
2463 7156139 3851
2464 7159990 3341
2465 7163331 12285
2466 7175616 12852
2467 7188468 4238
2468 7192706 2870
2469 7195576 5581
2470 7201157 4302
2471 7205459 726
2472 7206185 1211
2473 7207396 4393
2474 7211789 2098
2475 7213887 13047
2476 7226934 6716
2477 7233650 8843
2478 7242493 7756
2479 7250249 223
2480 7250472 8957
2481 7259429 8173
2482 7267602 8305
2483 7275907 3906
2484 7279813 5766
2485 7285579 2556
2486 7288135 13753
2487 7301888 4696
2488 7306584 538
2489 7307122 3097
2490 7310219 5145
2491 7315364 7838
2492 7323202 5332
2493 7328534 11021
2494 7339555 7281
2495 7346836 3702
2496 7350538 7940
2497 7358478 492
2498 7358970 5227
2499 7364197 2508
2500 7366705 3095
2501 7369800 3893
2502 7373693 763
2503 7374456 885
2504 7375341 5686
2505 7381027 1498
2506 7382525 2152
2507 7384677 3680
2508 7388357 3284
2509 7391641 2100
2510 7393741 4840
2511 7398581 10156
2512 7408737 601
2513 7409338 3178
2514 7412516 3467
2515 7415983 5328
2516 7421311 3777
2517 7425088 6262
2518 7431350 9870
2519 7441220 2089
2520 7443309 1645
2521 7444954 5594
2522 7450548 1996
2523 7452544 4408
2524 7456952 9467
2525 7466419 4590
2526 7471009 2595
2527 7473604 3589
2528 7477193 1817
2529 7479010 1497
2530 7480507 1519
2531 7482026 2905
2532 7484931 8573
2533 7493504 7789
2534 7501293 5320
2535 7506613 3055
2536 7509668 7138
2537 7516806 1208
2538 7518014 2815
2539 7520829 2602
2540 7523431 1962
2541 7525393 2331
2542 7527724 538
2543 7528262 531
2544 7528793 6639
2545 7535432 5894
2546 7541326 2532
2547 7543858 3086
2548 7546944 3628
2549 7550572 3905
2550 7554477 8968
2551 7563445 4052
2552 7567497 3405
2553 7570902 3650
2554 7574552 1479
2555 7576031 4494
2556 7580525 1034
2557 7581559 1788
2558 7583347 5608
2559 7588955 2107
2560 7591062 1808
2561 7592870 15866
2562 7608736 5945
2563 7614681 2266
2564 7616947 2630
2565 7619577 5415
2566 7624992 3934
2567 7628926 13783
2568 7642709 3838
2569 7646547 1861
2570 7648408 3651
2571 7652059 6606
2572 7658665 2973
2573 7661638 577
2574 7662215 4702
2575 7666917 4568
2576 7671485 2722
2577 7674207 4755
2578 7678962 2170
2579 7681132 752
2580 7681884 6372
2581 7688256 3600
2582 7691856 6877
2583 7698733 10199
2584 7708932 2195
2585 7711127 3692
2586 7714819 2353
2587 7717172 3725
2588 7720897 2964
2589 7723861 3791
2590 7727652 1639
2591 7729291 10156
2592 7739447 2161
2593 7741608 5004
2594 7746612 2437
2595 7749049 1531
2596 7750580 7975
2597 7758555 6812
2598 7765367 4470
2599 7769837 9635
2600 7779472 6430
2601 7785902 5755
2602 7791657 2895
2603 7794552 5700
2604 7800252 10468
2605 7810720 4333
2606 7815053 6183
2607 7821236 4657
2608 7825893 2294
2609 7828187 3449
2610 7831636 1825
2611 7833461 4067
2612 7837528 2630
2613 7840158 1875
2614 7842033 4468
2615 7846501 1762
2616 7848263 3106
2617 7851369 2811
2618 7854180 1195
2619 7855375 3133
2620 7858508 7673
2621 7866181 1208
2622 7867389 1711
2623 7869100 4857
2624 7873957 3376
2625 7877333 1190
2626 7878523 689
2627 7879212 2819
2628 7882031 5229
2629 7887260 205
2630 7887465 1675
2631 7889140 2853
2632 7891993 4181
2633 7896174 1270
2634 7897444 1130
2635 7898574 1637
2636 7900211 1201
2637 7901412 1681
2638 7903093 843
2639 7903936 884
2640 7904820 3846
2641 7908666 849
2642 7909515 3133
2643 7912648 7864
2644 7920512 2566
2645 7923078 1525
2646 7924603 3180
2647 7927783 1177
2648 7928960 2718
2649 7931678 2370
2650 7934048 1365
2651 7935413 1048
2652 7936461 3691
2653 7940152 3091
2654 7943243 1483
2655 7944726 8372
2656 7953098 1482
2657 7954580 2075
2658 7956655 975
2659 7957630 1685
2660 7959315 1644
2661 7960959 933
2662 7961892 2446
2663 7964338 9665
2664 7974003 3978
2665 7977981 5328
2666 7983309 1322
2667 7984631 14614
2668 7999245 1114
2669 8000359 1335
2670 8001694 5253
2671 8006947 2520
2672 8009467 3107
2673 8012574 6892
2674 8019466 6224
2675 8025690 9222
2676 8034912 11715
2677 8046627 2091
2678 8048718 6520
2679 8055238 5835
2680 8061073 10048
2681 8071121 7726
2682 8078847 207
2683 8079054 243
2684 8079297 268
2685 8079565 195
2686 8079760 229
2687 8079989 207
2688 8080196 252
2689 8080448 5996
2690 8086444 1241
2691 8087685 4953
2692 8092638 10000
2693 8102638 5522
2694 8108160 3055
2695 8111215 2008
2696 8113223 1972
2697 8115195 1838
2698 8117033 1432
2699 8118465 1512
2700 8119977 1577
2701 8121554 1651
2702 8123205 2563
2703 8125768 15291
2704 8141059 3319
2705 8144378 7986
2706 8152364 3692
2707 8156056 3442
2708 8159498 6168
2709 8165666 2568
2710 8168234 3702
2711 8171936 2773
2712 8174709 9379
2713 8184088 1396
2714 8185484 193
2715 8185677 1944
2716 8187621 4989
2717 8192610 1414
2718 8194024 1710
2719 8195734 2888
2720 8198622 8181
2721 8206803 7532
2722 8214335 3503
2723 8217838 9763
2724 8227601 1657
2725 8229258 964
2726 8230222 1667
2727 8231889 4145
2728 8236034 3774
2729 8239808 1037
2730 8240845 15105
2731 8255950 4145
2732 8260095 6522
2733 8266617 3499
2734 8270116 1228
2735 8271344 774
2736 8272118 7803
2737 8279921 3641
2738 8283562 2747
2739 8286309 1225
2740 8287534 1005
2741 8288539 2157
2742 8290696 252
2743 8290948 207
2744 8291155 262
2745 8291417 11875
2746 8303292 5369
2747 8308661 5912
2748 8314573 1778
2749 8316351 22683
2750 8339034 1519
2751 8340553 6633
2752 8347186 6426
2753 8353612 9590
2754 8363202 1642
2755 8364844 3788
2756 8368632 2112
2757 8370744 5681
2758 8376425 2565
2759 8378990 8595
2760 8387585 7418
2761 8395003 1476
2762 8396479 1656
2763 8398135 2689
2764 8400824 2597
2765 8403421 2268
2766 8405689 3079
2767 8408768 2085
2768 8410853 3003
2769 8413856 6971
2770 8420827 6377
2771 8427204 6909
2772 8434113 6788
2773 8440901 3960
2774 8444861 8141
2775 8453002 7802
2776 8460804 3132
2777 8463936 1815
2778 8465751 2999
2779 8468750 1631
2780 8470381 3041
2781 8473422 3452
2782 8476874 1876
2783 8478750 1543
2784 8480293 4787
2785 8485080 1760
2786 8486840 1534
2787 8488374 2480
2788 8490854 3631
2789 8494485 2079
2790 8496564 1474
2791 8498038 2827
2792 8500865 7833
2793 8508698 3348
2794 8512046 8890
2795 8520936 3749
2796 8524685 2840
2797 8527525 2217
2798 8529742 3583
2799 8533325 3510
2800 8536835 2086
2801 8538921 1615
2802 8540536 1809
2803 8542345 6375
2804 8548720 3214
2805 8551934 2250
2806 8554184 1875
2807 8556059 3437
2808 8559496 5519
2809 8565015 2020
2810 8567035 4165
2811 8571200 2729
2812 8573929 1761
2813 8575690 1552
2814 8577242 1561
2815 8578803 1633
2816 8580436 3663
2817 8584099 3975
2818 8588074 2394
2819 8590468 2408
2820 8592876 2602
2821 8595478 2385
2822 8597863 2547
2823 8600410 23266
2824 8623676 3227
2825 8626903 3629
2826 8630532 6331
2827 8636863 3100
2828 8639963 3308
2829 8643271 3421
2830 8646692 5248
2831 8651940 1623
2832 8653563 2600
2833 8656163 3430
2834 8659593 2461
2835 8662054 1089
2836 8663143 2372
2837 8665515 5092
2838 8670607 4236
2839 8674843 3027
2840 8677870 3786
2841 8681656 2648
2842 8684304 5429
2843 8689733 2536
2844 8692269 3798
2845 8696067 1108
2846 8697175 5323
2847 8702498 1451
2848 8703949 1223
2849 8705172 2053
2850 8707225 7452
2851 8714677 2546
2852 8717223 773
2853 8717996 3241
2854 8721237 778
2855 8722015 6228
2856 8728243 6370
2857 8734613 5748
2858 8740361 10759
2859 8751120 1595
2860 8752715 2160
2861 8754875 9595
2862 8764470 4323
2863 8768793 6396
2864 8775189 3059
2865 8778248 6109
2866 8784357 6090
2867 8790447 1704
2868 8792151 3286
2869 8795437 6721
2870 8802158 9045
2871 8811203 1436
2872 8812639 2921
2873 8815560 1786
2874 8817346 3362
2875 8820708 6804
2876 8827512 6436
2877 8833948 9752
2878 8843700 1192
2879 8844892 725
2880 8845617 1158
2881 8846775 3808
2882 8850583 680
2883 8851263 5538
2884 8856801 1403
2885 8858204 2792
2886 8860996 2329
2887 8863325 5539
2888 8868864 12229
2889 8881093 2608
2890 8883701 26097
2891 8909798 3722
2892 8913520 4047
2893 8917567 4413
2894 8921980 3903
2895 8925883 14663
2896 8940546 12285
2897 8952831 3687
2898 8956518 1648
2899 8958166 9114
2900 8967280 724
2901 8968004 3243
2902 8971247 2868
2903 8974115 5831
2904 8979946 9630
2905 8989576 4055
2906 8993631 1146
2907 8994777 1797
2908 8996574 5512
2909 9002086 4609
2910 9006695 4555
2911 9011250 4406
2912 9015656 1870
2913 9017526 4382
2914 9021908 3687
2915 9025595 6176
2916 9031771 4203
2917 9035974 1117
2918 9037091 746
2919 9037837 8856
2920 9046693 3966
2921 9050659 7019
2922 9057678 1524
2923 9059202 2490
2924 9061692 1099
2925 9062791 1037
2926 9063828 1028
2927 9064856 5339
2928 9070195 11011
2929 9081206 759
2930 9081965 678
2931 9082643 4030
2932 9086673 10102
2933 9096775 1321
2934 9098096 864
2935 9098960 695
2936 9099655 639
2937 9100294 1000
2938 9101294 738
2939 9102032 1765
2940 9103797 12311
2941 9116108 4339
2942 9120447 11204
2943 9131651 3623
2944 9135274 3772
2945 9139046 2440
2946 9141486 2065
2947 9143551 2535
2948 9146086 3461
2949 9149547 2487
2950 9152034 2542
2951 9154576 20291
2952 9174867 8422
2953 9183289 4395
2954 9187684 4499
2955 9192183 4168
2956 9196351 1558
2957 9197909 4510
2958 9202419 1388
2959 9203807 1206
2960 9205013 1504
2961 9206517 7452
2962 9213969 2204
2963 9216173 18051
2964 9234224 8904
2965 9243128 5701
2966 9248829 4049
2967 9252878 3586
2968 9256464 2078
2969 9258542 16398
2970 9274940 4485
2971 9279425 1178
2972 9280603 1952
2973 9282555 1378
2974 9283933 8201
2975 9292134 5197
2976 9297331 6869
2977 9304200 1954
2978 9306154 8230
2979 9314384 7587
2980 9321971 8531
2981 9330502 5003
2982 9335505 6770
2983 9342275 15117
2984 9357392 7567
2985 9364959 5107
2986 9370066 1395
2987 9371461 1596
2988 9373057 2178
2989 9375235 1372
2990 9376607 843
2991 9377450 6397
2992 9383847 2158
2993 9386005 8323
2994 9394328 4249
2995 9398577 1902
2996 9400479 5263
2997 9405742 5495
2998 9411237 9142
2999 9420379 4718
3000 9425097 9551
3001 9434648 3798
3002 9438446 1099
3003 9439545 1451
3004 9440996 1384
3005 9442380 9105
3006 9451485 322
3007 9451807 1754
3008 9453561 794
3009 9454355 1481
3010 9455836 12579
3011 9468415 8059
3012 9476474 4104
3013 9480578 5026
3014 9485604 4489
3015 9490093 8966
3016 9499059 2243
3017 9501302 5390
3018 9506692 2951
3019 9509643 3136
3020 9512779 1707
3021 9514486 8117
3022 9522603 3715
3023 9526318 14197
3024 9540515 3308
3025 9543823 3902
3026 9547725 4338
3027 9552063 11618
3028 9563681 955
3029 9564636 8029
3030 9572665 807
3031 9573472 5707
3032 9579179 15725
3033 9594904 941
3034 9595845 6090
3035 9601935 702
3036 9602637 5286
3037 9607923 8087
3038 9616010 1466
3039 9617476 4388
3040 9621864 726
3041 9622590 8938
3042 9631528 1385
3043 9632913 1629
3044 9634542 226
3045 9634768 2826
3046 9637594 953
3047 9638547 1130
3048 9639677 15583
3049 9655260 6438
3050 9661698 13969
3051 9675667 742
3052 9676409 2775
3053 9679184 2057
3054 9681241 2614
3055 9683855 2790
3056 9686645 1783
3057 9688428 20069
3058 9708497 9044
3059 9717541 3577
3060 9721118 3559
3061 9724677 3400
3062 9728077 2108
3063 9730185 3367
3064 9733552 435
3065 9733987 2552
3066 9736539 2914
3067 9739453 1812
3068 9741265 2765
3069 9744030 2974
3070 9747004 934
3071 9747938 693
3072 9748631 20155
3073 9768786 3851
3074 9772637 235
3075 9772872 28641
3076 9801513 4219
3077 9805732 7406
3078 9813138 9336
3079 9822474 30317
3080 9852791 19688
3081 9872479 621
3082 9873100 2329
3083 9875429 4970
3084 9880399 4053
3085 9884452 4596
3086 9889048 2008
3087 9891056 426
3088 9891482 2305
3089 9893787 30457
3090 9924244 3547
3091 9927791 936
3092 9928727 2590
3093 9931317 3128
3094 9934445 335
3095 9934780 7219
3096 9941999 19036
3097 9961035 5707
3098 9966742 1307
3099 9968049 2184
3100 9970233 2352
3101 9972585 2613
3102 9975198 2555
3103 9977753 1249
3104 9979002 9004
3105 9988006 3652
3106 9991658 2150
3107 9993808 2363
3108 9996171 857
3109 9997028 1156
3110 9998184 1140
3111 9999324 3543
3112 10002867 3255
3113 10006122 1351
3114 10007473 2021
3115 10009494 1288
3116 10010782 1318
3117 10012100 557
3118 10012657 6475
3119 10019132 2579
3120 10021711 3677
3121 10025388 825
3122 10026213 1276
3123 10027489 2422
3124 10029911 694
3125 10030605 793
3126 10031398 5022
3127 10036420 2152
3128 10038572 1014
3129 10039586 5451
3130 10045037 1513
3131 10046550 1182
3132 10047732 6970
3133 10054702 3768
3134 10058470 1034
3135 10059504 2243
3136 10061747 2599
3137 10064346 1108
3138 10065454 5121
3139 10070575 1662
3140 10072237 2422
3141 10074659 1690
3142 10076349 2651
3143 10079000 3234
3144 10082234 4676
3145 10086910 967
3146 10087877 1506
3147 10089383 2066
3148 10091449 1812
3149 10093261 1919
3150 10095180 872
3151 10096052 1887
3152 10097939 2741
3153 10100680 1416
3154 10102096 1218
3155 10103314 2700
3156 10106014 1469
3157 10107483 1480
3158 10108963 1352
3159 10110315 2204
3160 10112519 1533
3161 10114052 1728
3162 10115780 5232
3163 10121012 2600
3164 10123612 1688
3165 10125300 1310
3166 10126610 2983
3167 10129593 1615
3168 10131208 2803
3169 10134011 1307
3170 10135318 874
3171 10136192 1621
3172 10137813 4009
3173 10141822 3250
3174 10145072 2999
3175 10148071 3371
3176 10151442 2726
3177 10154168 1421
3178 10155589 1384
3179 10156973 898
3180 10157871 2179
3181 10160050 1641
3182 10161691 1104
3183 10162795 3338
3184 10166133 3215
3185 10169348 3792
3186 10173140 1768
3187 10174908 4886
3188 10179794 3878
3189 10183672 1781
3190 10185453 1799
3191 10187252 983
3192 10188235 1284
3193 10189519 999
3194 10190518 1176
3195 10191694 5100
3196 10196794 2295
3197 10199089 1869
3198 10200958 1143
3199 10202101 1306
3200 10203407 1252
3201 10204659 4197
3202 10208856 1520
3203 10210376 2703
3204 10213079 2155
3205 10215234 1113
3206 10216347 1848
3207 10218195 5013
3208 10223208 2352
3209 10225560 3698
3210 10229258 2017
3211 10231275 3233
3212 10234508 2878
3213 10237386 7594
3214 10244980 427
3215 10245407 529
3216 10245936 11277
3217 10257213 4508
3218 10261721 3693
3219 10265414 9043
3220 10274457 3424
3221 10277881 2068
3222 10279949 2018
3223 10281967 7148
3224 10289115 6481
3225 10295596 3707
3226 10299303 2263
3227 10301566 14986
3228 10316552 6431
3229 10322983 1345
3230 10324328 1992
3231 10326320 2954
3232 10329274 2601
3233 10331875 2153
3234 10334028 1605
3235 10335633 757
3236 10336390 1407
3237 10337797 751
3238 10338548 403
3239 10338951 4004
3240 10342955 3941
3241 10346896 3079
3242 10349975 4181
3243 10354156 7624
3244 10361780 5454
3245 10367234 1372
3246 10368606 5343
3247 10373949 1189
3248 10375138 945
3249 10376083 1875
3250 10377958 2436
3251 10380394 5513
3252 10385907 2527
3253 10388434 8117
3254 10396551 2487
3255 10399038 932
3256 10399970 863
3257 10400833 1659
3258 10402492 2255
3259 10404747 7303
3260 10412050 1657
3261 10413707 4785
3262 10418492 2473
3263 10420965 3654
3264 10424619 2709
3265 10427328 6985
3266 10434313 2320
3267 10436633 3039
3268 10439672 4621
3269 10444293 2901
3270 10447194 1922
3271 10449116 1291
3272 10450407 4754
3273 10455161 1020
3274 10456181 1619
3275 10457800 1817
3276 10459617 1690
3277 10461307 2702
3278 10464009 9366
3279 10473375 1894
3280 10475269 2651
3281 10477920 9107
3282 10487027 3568
3283 10490595 6175
3284 10496770 3386
3285 10500156 2973
3286 10503129 7899
3287 10511028 1751
3288 10512779 2218
3289 10514997 1664
3290 10516661 2405
3291 10519066 1696
3292 10520762 1798
3293 10522560 15096
3294 10537656 7404
3295 10545060 3160
3296 10548220 1692
3297 10549912 1428
3298 10551340 7705
3299 10559045 2009
3300 10561054 2131
3301 10563185 1801
3302 10564986 1703
3303 10566689 2094
3304 10568783 1174
3305 10569957 484
3306 10570441 3175
3307 10573616 2123
3308 10575739 10206
3309 10585945 1139
3310 10587084 1355
3311 10588439 5194
3312 10593633 2545
3313 10596178 6667
3314 10602845 7838
3315 10610683 1430
3316 10612113 1784
3317 10613897 2258
3318 10616155 3426
3319 10619581 1970
3320 10621551 2114
3321 10623665 6061
3322 10629726 2088
3323 10631814 1469
3324 10633283 1119
3325 10634402 3190
3326 10637592 6327
3327 10643919 1996
3328 10645915 2404
3329 10648319 2621
3330 10650940 2625
3331 10653565 3615
3332 10657180 1425
3333 10658605 8508
3334 10667113 3922
3335 10671035 1492
3336 10672527 10458
3337 10682985 4112
3338 10687097 7215
3339 10694312 10048
3340 10704360 3372
3341 10707732 6508
3342 10714240 4385
3343 10718625 4674
3344 10723299 3006
3345 10726305 1333
3346 10727638 3086
3347 10730724 1969
3348 10732693 1682
3349 10734375 1728
3350 10736103 3366
3351 10739469 2077
3352 10741546 2142
3353 10743688 996
3354 10744684 1906
3355 10746590 3970
3356 10750560 2211
3357 10752771 1757
3358 10754528 1909
3359 10756437 2557
3360 10758994 2207
3361 10761201 2392
3362 10763593 2199
3363 10765792 1806
3364 10767598 2396
3365 10769994 6031
3366 10776025 4967
3367 10780992 1641
3368 10782633 13688
3369 10796321 5385
3370 10801706 989
3371 10802695 14518
3372 10817213 1867
3373 10819080 1618
3374 10820698 1108
3375 10821806 1530
3376 10823336 1777
3377 10825113 6091
3378 10831204 3001
3379 10834205 3091
3380 10837296 2399
3381 10839695 1967
3382 10841662 2863
3383 10844525 5416
3384 10849941 15405
3385 10865346 7252
3386 10872598 3368
3387 10875966 3247
3388 10879213 2553
3389 10881766 2973
3390 10884739 1355
3391 10886094 2310
3392 10888404 5286
3393 10893690 1624
3394 10895314 1309
3395 10896623 1717
3396 10898340 2003
3397 10900343 2077
3398 10902420 2616
3399 10905036 2041
3400 10907077 1508
3401 10908585 1502
3402 10910087 1407
3403 10911494 2503
3404 10913997 1606
3405 10915603 3094
3406 10918697 1195
3407 10919892 600
3408 10920492 1586
3409 10922078 1657
3410 10923735 1583
3411 10925318 8837
3412 10934155 7800
3413 10941955 4452
3414 10946407 2943
3415 10949350 626
3416 10949976 7708
3417 10957684 4066
3418 10961750 12573
3419 10974323 4947
3420 10979270 2546
3421 10981816 3922
3422 10985738 16226
3423 11001964 6332
3424 11008296 2643
3425 11010939 322
3426 11011261 2372
3427 11013633 3879
3428 11017512 2841
3429 11020353 13584
3430 11033937 7955
3431 11041892 1932
3432 11043824 2803
3433 11046627 1954
3434 11048581 1872
3435 11050453 3494
3436 11053947 2239
3437 11056186 3081
3438 11059267 2014
3439 11061281 1852
3440 11063133 2214
3441 11065347 2960
3442 11068307 2880
3443 11071187 1953
3444 11073140 2238
3445 11075378 2213
3446 11077591 1851
3447 11079442 2013
3448 11081455 2627
3449 11084082 3344
3450 11087426 2191
3451 11089617 1934
3452 11091551 1797
3453 11093348 2109
3454 11095457 4525
3455 11099982 3921
3456 11103903 3823
3457 11107726 3030
3458 11110756 2475
3459 11113231 2590
3460 11115821 2355
3461 11118176 2396
3462 11120572 4525
3463 11125097 337
3464 11125434 5888
3465 11131322 3921
3466 11135243 3823
3467 11139066 2831
3468 11141897 983
3469 11142880 4447
3470 11147327 7195
3471 11154522 322
3472 11154844 3222
3473 11158066 2695
3474 11160761 2402
3475 11163163 2621
3476 11165784 3592
3477 11169376 4377
3478 11173753 2634
3479 11176387 5015
3480 11181402 8251
3481 11189653 2776
3482 11192429 6311
3483 11198740 2470
3484 11201210 1243
3485 11202453 9897
3486 11212350 2984
3487 11215334 3267
3488 11218601 3506
3489 11222107 1965
3490 11224072 4518
3491 11228590 3743
3492 11232333 3015
3493 11235348 11356
3494 11246704 16348
3495 11263052 30751
3496 11293803 3809
3497 11297612 3768
3498 11301380 1663
3499 11303043 2694
3500 11305737 526
3501 11306263 4162
3502 11310425 6084
3503 11316509 1750
3504 11318259 2467
3505 11320726 6035
3506 11326761 5792
3507 11332553 7778
3508 11340331 4951
3509 11345282 919
3510 11346201 1285
3511 11347486 2045
3512 11349531 4077
3513 11353608 3506
3514 11357114 618
3515 11357732 4071
3516 11361803 2922
3517 11364725 2865
3518 11367590 3517
3519 11371107 5624
3520 11376731 4659
3521 11381390 5106
3522 11386496 2719
3523 11389215 9180
3524 11398395 9418
3525 11407813 5560
3526 11413373 2035
3527 11415408 7367
3528 11422775 2006
3529 11424781 3500
3530 11428281 3746
3531 11432027 2620
3532 11434647 8378
3533 11443025 1320
3534 11444345 1896
3535 11446241 4572
3536 11450813 2037
3537 11452850 1213
3538 11454063 1233
3539 11455296 2795
3540 11458091 4028
3541 11462119 1150
3542 11463269 2036
3543 11465305 2158
3544 11467463 1351
3545 11468814 2906
3546 11471720 1598
3547 11473318 7333
3548 11480651 5310
3549 11485961 751
3550 11486712 546
3551 11487258 875
3552 11488133 686
3553 11488819 585
3554 11489404 1355
3555 11490759 3538
3556 11494297 3753
3557 11498050 526
3558 11498576 2099
3559 11500675 1352
3560 11502027 3410
3561 11505437 6264
3562 11511701 3282
3563 11514983 5338
3564 11520321 3024
3565 11523345 3825
3566 11527170 3304
3567 11530474 3053
3568 11533527 2115
3569 11535642 1949
3570 11537591 3212
3571 11540803 3791
3572 11544594 225
3573 11544819 1956
3574 11546775 2186
3575 11548961 3823
3576 11552784 3814
3577 11556598 3636
3578 11560234 11166
3579 11571400 10089
3580 11581489 2065
3581 11583554 3838
3582 11587392 3462
3583 11590854 4232
3584 11595086 1531
3585 11596617 1472
3586 11598089 2367
3587 11600456 1964
3588 11602420 3116
3589 11605536 2775
3590 11608311 1933
3591 11610244 2402
3592 11612646 1313
3593 11613959 5535
3594 11619494 1258
3595 11620752 1974
3596 11622726 2682
3597 11625408 2438
3598 11627846 1234
3599 11629080 1157
3600 11630237 6838
3601 11637075 3187
3602 11640262 2614
3603 11642876 5262
3604 11648138 1935
3605 11650073 2590
3606 11652663 4795
3607 11657458 4748
3608 11662206 4507
3609 11666713 3108
3610 11669821 7715
3611 11677536 5833
3612 11683369 3549
3613 11686918 3364
3614 11690282 2386
3615 11692668 3515
3616 11696183 2195
3617 11698378 2060
3618 11700438 9209
3619 11709647 5430
3620 11715077 7546
3621 11722623 5462
3622 11728085 4880
3623 11732965 8288
3624 11741253 11973
3625 11753226 6353
3626 11759579 1879
3627 11761458 997
3628 11762455 5321
3629 11767776 2974
3630 11770750 692
3631 11771442 4212
3632 11775654 837
3633 11776491 3170
3634 11779661 755
3635 11780416 942
3636 11781358 4250
3637 11785608 3692
3638 11789300 1297
3639 11790597 1829
3640 11792426 1170
3641 11793596 1658
3642 11795254 900
3643 11796154 2520
3644 11798674 4406
3645 11803080 4704
3646 11807784 2264
3647 11810048 978
3648 11811026 1994
3649 11813020 915
3650 11813935 1215
3651 11815150 1505
3652 11816655 576
3653 11817231 3987
3654 11821218 1470
3655 11822688 4833
3656 11827521 2504
3657 11830025 2088
3658 11832113 2510
3659 11834623 2261
3660 11836884 3506
3661 11840390 1694
3662 11842084 1144
3663 11843228 2628
3664 11845856 2047
3665 11847903 1917
3666 11849820 4312
3667 11854132 14618
3668 11868750 2144
3669 11870894 6607
3670 11877501 13750
3671 11891251 9081
3672 11900332 3725
3673 11904057 4626
3674 11908683 3659
3675 11912342 5691
3676 11918033 1710
3677 11919743 9115
3678 11928858 4006
3679 11932864 1911
3680 11934775 9783
3681 11944558 6506
3682 11951064 2472
3683 11953536 4548
3684 11958084 7570
3685 11965654 2105
3686 11967759 3724
3687 11971483 4332
3688 11975815 1105
3689 11976920 2233
3690 11979153 9670
3691 11988823 2037
3692 11990860 1871
3693 11992731 2663
3694 11995394 3205
3695 11998599 9556
3696 12008155 3480
3697 12011635 2155
3698 12013790 1744
3699 12015534 1083
3700 12016617 1496
3701 12018113 1073
3702 12019186 1386
3703 12020572 5010
3704 12025582 2169
3705 12027751 1756
3706 12029507 4034
3707 12033541 2274
3708 12035815 7688
3709 12043503 1333
3710 12044836 1492
3711 12046328 4297
3712 12050625 1281
3713 12051906 1249
3714 12053155 1426
3715 12054581 1703
3716 12056284 5201
3717 12061485 2540
3718 12064025 1390
3719 12065415 3199
3720 12068614 10948
3721 12079562 3846
3722 12083408 9593
3723 12093001 3802
3724 12096803 1583
3725 12098386 2130
3726 12100516 7049
3727 12107565 1881
3728 12109446 7379
3729 12116825 3403
3730 12120228 1936
3731 12122164 12904
3732 12135068 5268
3733 12140336 4693
3734 12145029 1392
3735 12146421 2490
3736 12148911 2337
3737 12151248 2169
3738 12153417 3622
3739 12157039 1396
3740 12158435 11061
3741 12169496 1185
3742 12170681 687
3743 12171368 4775
3744 12176143 2056
3745 12178199 1310
3746 12179509 917
3747 12180426 7428
3748 12187854 3131
3749 12190985 1910
3750 12192895 2893
3751 12195788 1336
3752 12197124 1371
3753 12198495 543
3754 12199038 3987
3755 12203025 4636
3756 12207661 4973
3757 12212634 3260
3758 12215894 2226
3759 12218120 875
3760 12218995 801
3761 12219796 1260
3762 12221056 5700
3763 12226756 1606
3764 12228362 783
3765 12229145 1700
3766 12230845 12994
3767 12243839 569
3768 12244408 1857
3769 12246265 2487
3770 12248752 2338
3771 12251090 2703
3772 12253793 1665
3773 12255458 637
3774 12256095 2176
3775 12258271 2212
3776 12260483 2216
3777 12262699 2339
3778 12265038 2151
3779 12267189 497
3780 12267686 2444
3781 12270130 1249
3782 12271379 3117
3783 12274496 1575
3784 12276071 722
3785 12276793 1060
3786 12277853 799
3787 12278652 1113
3788 12279765 2956
3789 12282721 4428
3790 12287149 9696
3791 12296845 2208
3792 12299053 3183
3793 12302236 2118
3794 12304354 2299
3795 12306653 27060
3796 12333713 1912
3797 12335625 1792
3798 12337417 5482
3799 12342899 2519
3800 12345418 3430
3801 12348848 4794
3802 12353642 3745
3803 12357387 3398
3804 12360785 15506
3805 12376291 4162
3806 12380453 3615
3807 12384068 10175
3808 12394243 1700
3809 12395943 1521
3810 12397464 5886
3811 12403350 10978
3812 12414328 5272
3813 12419600 3874
3814 12423474 2217
3815 12425691 1328
3816 12427019 686
3817 12427705 1552
3818 12429257 4671
3819 12433928 2757
3820 12436685 1973
3821 12438658 8813
3822 12447471 6293
3823 12453764 5213
3824 12458977 1994
3825 12460971 6496
3826 12467467 2990
3827 12470457 2960
3828 12473417 7532
3829 12480949 2138
3830 12483087 2613
3831 12485700 1720
3832 12487420 1622
3833 12489042 10939
3834 12499981 7636
3835 12507617 3402
3836 12511019 3059
3837 12514078 1921
3838 12515999 5596
3839 12521595 8207
3840 12529802 3229
3841 12533031 599
3842 12533630 3678
3843 12537308 5145
3844 12542453 6931
3845 12549384 943
3846 12550327 2385
3847 12552712 4390
3848 12557102 3574
3849 12560676 2927
3850 12563603 5648
3851 12569251 5110
3852 12574361 7376
3853 12581737 1146
3854 12582883 3961
3855 12586844 1369
3856 12588213 7369
3857 12595582 4404
3858 12599986 4898
3859 12604884 2367
3860 12607251 6101
3861 12613352 2301
3862 12615653 1730
3863 12617383 15334
3864 12632717 9319
3865 12642036 5415
3866 12647451 1393
3867 12648844 5718
3868 12654562 1415
3869 12655977 6586
3870 12662563 4655
3871 12667218 4631
3872 12671849 9790
3873 12681639 1753
3874 12683392 3499
3875 12686891 15728
3876 12702619 9619
3877 12712238 3931
3878 12716169 7918
3879 12724087 13801
3880 12737888 3819
3881 12741707 14113
3882 12755820 5421
